number	string	number	number	number	number	number	number	number	number	number	number	number	number	number	number	number	number	number	number	number	number	number	number	array	array	array
boss等级	boss形象ID	物理攻击力	魔法攻击力	物理防御力	魔法防御力	生命值	暴击值	命中值	闪避值	击杀金币	每次攻击金币	第1名金币	第2名金币	第3名金币	第4-10名金币	第11-所有金币	击杀战历	参与战历	排名1战历	排名2战历	排名3战历	排名4~10名战历	排名11~500名战历	击杀奖励	参与奖励	排行奖励
1	M094	1080	0	0	0	528000	120	120	120	161000	806	64400	48300	32200	16100	4030	4000	20	1600	1200	800	400	100	[15032]	[15031]	"[15021,15022,15023,15024,15025,15026,15027,15028,15029,15030]"
2	M094	1125	0	0	0	558000	140	140	140	162000	810	64800	48600	32400	16200	4050	4000	20	1600	1200	800	400	100	[15032]	[15031]	"[15021,15022,15023,15024,15025,15026,15027,15028,15029,15030]"
3	M094	1170	0	0	0	588000	160	160	160	162000	810	64800	48600	32400	16200	4050	4000	20	1600	1200	800	400	100	[15032]	[15031]	"[15021,15022,15023,15024,15025,15026,15027,15028,15029,15030]"
4	M094	1215	0	0	0	618000	180	180	180	163000	816	65200	48900	32600	16300	4080	4000	20	1600	1200	800	400	100	[15032]	[15031]	"[15021,15022,15023,15024,15025,15026,15027,15028,15029,15030]"
5	M094	1260	0	0	0	648000	200	200	200	163000	816	65200	48900	32600	16300	4080	4000	20	1600	1200	800	400	100	[15032]	[15031]	"[15021,15022,15023,15024,15025,15026,15027,15028,15029,15030]"
6	M094	1305	0	0	0	678000	220	220	220	164000	820	65600	49200	32800	16400	4100	4000	20	1600	1200	800	400	100	[15032]	[15031]	"[15021,15022,15023,15024,15025,15026,15027,15028,15029,15030]"
7	M094	1350	0	0	0	708000	240	240	240	164000	820	65600	49200	32800	16400	4100	4000	20	1600	1200	800	400	100	[15032]	[15031]	"[15021,15022,15023,15024,15025,15026,15027,15028,15029,15030]"
8	M094	1395	0	0	0	738000	260	260	260	165000	826	66000	49500	33000	16500	4130	4000	20	1600	1200	800	400	100	[15032]	[15031]	"[15021,15022,15023,15024,15025,15026,15027,15028,15029,15030]"
9	M094	1417	0	0	0	753000	280	280	280	165000	826	66000	49500	33000	16500	4130	4000	20	1600	1200	800	400	100	[15032]	[15031]	"[15021,15022,15023,15024,15025,15026,15027,15028,15029,15030]"
10	M094	1440	0	0	0	768000	300	300	300	166000	830	66400	49800	33200	16600	4150	4000	20	1600	1200	800	400	100	[15032]	[15031]	"[15021,15022,15023,15024,15025,15026,15027,15028,15029,15030]"
11	M094	1507	0	0	0	810000	320	320	320	167000	836	66800	50100	33400	16700	4180	4000	20	1600	1200	800	400	100	[15032]	[15031]	"[15021,15022,15023,15024,15025,15026,15027,15028,15029,15030]"
12	M094	1552	0	0	0	837000	340	340	340	168000	840	67200	50400	33600	16800	4200	4000	20	1600	1200	800	400	100	[15032]	[15031]	"[15021,15022,15023,15024,15025,15026,15027,15028,15029,15030]"
13	M094	1597	0	0	0	864000	360	360	360	168000	840	67200	50400	33600	16800	4200	4000	20	1600	1200	800	400	100	[15032]	[15031]	"[15021,15022,15023,15024,15025,15026,15027,15028,15029,15030]"
14	M094	1642	0	0	0	891000	380	380	380	169000	846	67600	50700	33800	16900	4230	4000	20	1600	1200	800	400	100	[15032]	[15031]	"[15021,15022,15023,15024,15025,15026,15027,15028,15029,15030]"
15	M094	1687	0	0	0	918000	400	400	400	170000	850	68000	51000	34000	17000	4250	4000	20	1600	1200	800	400	100	[15032]	[15031]	"[15021,15022,15023,15024,15025,15026,15027,15028,15029,15030]"
16	M094	1755	0	0	0	960000	420	420	420	171000	856	68400	51300	34200	17100	4280	4000	20	1600	1200	800	400	100	[15032]	[15031]	"[15021,15022,15023,15024,15025,15026,15027,15028,15029,15030]"
17	M094	1800	0	0	0	987000	440	440	440	172000	860	68800	51600	34400	17200	4300	4000	20	1600	1200	800	400	100	[15032]	[15031]	"[15021,15022,15023,15024,15025,15026,15027,15028,15029,15030]"
18	M094	1845	0	0	0	1014000	460	460	460	173000	866	69200	51900	34600	17300	4330	4000	20	1600	1200	800	400	100	[15032]	[15031]	"[15021,15022,15023,15024,15025,15026,15027,15028,15029,15030]"
19	M094	1935	0	0	0	1071000	480	480	480	174000	870	69600	52200	34800	17400	4350	4000	20	1600	1200	800	400	100	[15032]	[15031]	"[15021,15022,15023,15024,15025,15026,15027,15028,15029,15030]"
20	M094	2304	0	0	0	1278000	500	500	500	175000	876	70000	52500	35000	17500	4380	4000	20	1600	1200	800	400	100	[15032]	[15031]	"[15021,15022,15023,15024,15025,15026,15027,15028,15029,15030]"
21	M094	2416	0	0	0	1347000	520	520	520	177000	886	70800	53100	35400	17700	4430	4000	20	1600	1200	800	400	100	[15032]	[15031]	"[15021,15022,15023,15024,15025,15026,15027,15028,15029,15030]"
22	M094	2529	0	0	0	1416000	540	540	540	179000	896	71600	53700	35800	17900	4480	4000	20	1600	1200	800	400	100	[15032]	[15031]	"[15021,15022,15023,15024,15025,15026,15027,15028,15029,15030]"
23	M094	2641	0	0	0	1485000	560	560	560	181000	906	72400	54300	36200	18100	4530	4000	20	1600	1200	800	400	100	[15032]	[15031]	"[15021,15022,15023,15024,15025,15026,15027,15028,15029,15030]"
24	M094	2754	0	0	0	1554000	580	580	580	183000	916	73200	54900	36600	18300	4580	4000	20	1600	1200	800	400	100	[15032]	[15031]	"[15021,15022,15023,15024,15025,15026,15027,15028,15029,15030]"
25	M094	2947	0	0	0	1713000	600	600	600	185000	926	74000	55500	37000	18500	4630	4000	20	1600	1200	800	400	100	[15032]	[15031]	"[15021,15022,15023,15024,15025,15026,15027,15028,15029,15030]"
26	M094	3015	0	0	0	1752000	620	620	620	187000	936	74800	56100	37400	18700	4680	4000	20	1600	1200	800	400	100	[15032]	[15031]	"[15021,15022,15023,15024,15025,15026,15027,15028,15029,15030]"
27	M094	3127	0	0	0	1821000	640	640	640	189000	946	75600	56700	37800	18900	4730	4000	20	1600	1200	800	400	100	[15032]	[15031]	"[15021,15022,15023,15024,15025,15026,15027,15028,15029,15030]"
28	M094	3195	0	0	0	1860000	660	660	660	191000	956	76400	57300	38200	19100	4780	4000	20	1600	1200	800	400	100	[15032]	[15031]	"[15021,15022,15023,15024,15025,15026,15027,15028,15029,15030]"
29	M094	3307	0	0	0	1929000	680	680	680	193000	966	77200	57900	38600	19300	4830	4000	20	1600	1200	800	400	100	[15032]	[15031]	"[15021,15022,15023,15024,15025,15026,15027,15028,15029,15030]"
30	M094	3420	0	0	0	1998000	700	700	700	195000	976	78000	58500	39000	19500	4880	4000	20	1600	1200	800	400	100	[15032]	[15031]	"[15021,15022,15023,15024,15025,15026,15027,15028,15029,15030]"
31	M094	3555	0	0	0	2772000	720	720	720	198000	990	79200	59400	39600	19800	4950	5000	26	2000	1500	1000	500	130	[15032]	[15031]	"[15021,15022,15023,15024,15025,15026,15027,15028,15029,15030]"
32	M094	3712	0	0	0	2900000	740	740	740	202000	1010	80800	60600	40400	20200	5050	5000	26	2000	1500	1000	500	130	[15032]	[15031]	"[15021,15022,15023,15024,15025,15026,15027,15028,15029,15030]"
33	M094	3870	0	0	0	3028000	760	760	760	206000	1030	82400	61800	41200	20600	5150	5000	26	2000	1500	1000	500	130	[15032]	[15031]	"[15021,15022,15023,15024,15025,15026,15027,15028,15029,15030]"
34	M094	4027	0	0	0	3156000	780	780	780	210000	1050	84000	63000	42000	21000	5250	5000	26	2000	1500	1000	500	130	[15032]	[15031]	"[15021,15022,15023,15024,15025,15026,15027,15028,15029,15030]"
35	M094	4293	0	0	0	3444000	800	800	800	214000	1070	85600	64200	42800	21400	5350	5000	26	2000	1500	1000	500	130	[15032]	[15031]	"[15021,15022,15023,15024,15025,15026,15027,15028,15029,15030]"
36	M094	4648	0	0	0	4465000	820	820	820	218000	1090	87200	65400	43600	21800	5450	5000	26	2000	1500	1000	500	130	[15032]	[15031]	"[15021,15022,15023,15024,15025,15026,15027,15028,15029,15030]"
37	M094	4738	0	0	0	4550000	840	840	840	222000	1110	88800	66600	44400	22200	5550	5000	26	2000	1500	1000	500	130	[15032]	[15031]	"[15021,15022,15023,15024,15025,15026,15027,15028,15029,15030]"
38	M094	4896	0	0	0	4710000	860	860	860	226000	1130	90400	67800	45200	22600	5650	5000	26	2000	1500	1000	500	130	[15032]	[15031]	"[15021,15022,15023,15024,15025,15026,15027,15028,15029,15030]"
39	M094	5053	0	0	0	4870000	880	880	880	229000	1146	91600	68700	45800	22900	5730	5000	26	2000	1500	1000	500	130	[15032]	[15031]	"[15021,15022,15023,15024,15025,15026,15027,15028,15029,15030]"
40	M094	5535	0	0	0	5330000	900	900	900	233000	1166	93200	69900	46600	23300	5830	5000	26	2000	1500	1000	500	130	[15032]	[15031]	"[15021,15022,15023,15024,15025,15026,15027,15028,15029,15030]"
41	M094	5715	0	0	0	5730000	920	920	920	239000	1196	95600	71700	47800	23900	5980	5000	26	2000	1500	1000	500	130	[15032]	[15031]	"[15021,15022,15023,15024,15025,15026,15027,15028,15029,15030]"
42	M094	5895	0	0	0	5915000	940	940	940	245000	1226	98000	73500	49000	24500	6130	5000	26	2000	1500	1000	500	130	[15032]	[15031]	"[15021,15022,15023,15024,15025,15026,15027,15028,15029,15030]"
43	M094	6097	0	0	0	7350000	960	960	960	251000	1256	100400	75300	50200	25100	6280	5000	26	2000	1500	1000	500	130	[15032]	[15031]	"[15021,15022,15023,15024,15025,15026,15027,15028,15029,15030]"
44	M094	6300	0	0	0	7602000	980	980	980	257000	1286	102800	77100	51400	25700	6430	5000	26	2000	1500	1000	500	130	[15032]	[15031]	"[15021,15022,15023,15024,15025,15026,15027,15028,15029,15030]"
45	M094	6637	0	0	0	8154000	1000	1000	1000	262000	1310	104800	78600	52400	26200	6550	5000	26	2000	1500	1000	500	130	[15032]	[15031]	"[15021,15022,15023,15024,15025,15026,15027,15028,15029,15030]"
46	M094	6840	0	0	0	8406000	1020	1020	1020	268000	1340	107200	80400	53600	26800	6700	5000	26	2000	1500	1000	500	130	[15032]	[15031]	"[15021,15022,15023,15024,15025,15026,15027,15028,15029,15030]"
47	M094	7042	0	0	0	8658000	1040	1040	1040	274000	1370	109600	82200	54800	27400	6850	5000	26	2000	1500	1000	500	130	[15032]	[15031]	"[15021,15022,15023,15024,15025,15026,15027,15028,15029,15030]"
48	M094	7245	0	0	0	8910000	1060	1060	1060	280000	1400	112000	84000	56000	28000	7000	5000	26	2000	1500	1000	500	130	[15032]	[15031]	"[15021,15022,15023,15024,15025,15026,15027,15028,15029,15030]"
49	M094	7447	0	0	0	10689000	1080	1080	1080	286000	1430	114400	85800	57200	28600	7150	5000	26	2000	1500	1000	500	130	[15032]	[15031]	"[15021,15022,15023,15024,15025,15026,15027,15028,15029,15030]"
50	M094	7650	0	0	0	10983000	1100	1100	1100	291000	1456	116400	87300	58200	29100	7280	5000	26	2000	1500	1000	500	130	[15032]	[15031]	"[15021,15022,15023,15024,15025,15026,15027,15028,15029,15030]"
51	M094	7875	0	0	0	11305000	1120	1120	1120	299000	1496	119600	89700	59800	29900	7480	5000	26	2000	1500	1000	500	130	[15032]	[15031]	"[15021,15022,15023,15024,15025,15026,15027,15028,15029,15030]"
52	M094	8100	0	0	0	11627000	1140	1140	1140	307000	1536	122800	92100	61400	30700	7680	5000	26	2000	1500	1000	500	130	[15032]	[15031]	"[15021,15022,15023,15024,15025,15026,15027,15028,15029,15030]"
53	M094	8347	0	0	0	11984000	1160	1160	1160	315000	1576	126000	94500	63000	31500	7880	5000	26	2000	1500	1000	500	130	[15032]	[15031]	"[15021,15022,15023,15024,15025,15026,15027,15028,15029,15030]"
54	M094	8595	0	0	0	14104000	1180	1180	1180	322000	1610	128800	96600	64400	32200	8050	5000	26	2000	1500	1000	500	130	[15032]	[15031]	"[15021,15022,15023,15024,15025,15026,15027,15028,15029,15030]"
55	M094	9031	0	0	0	15072000	1200	1200	1200	330000	1650	132000	99000	66000	33000	8250	5000	26	2000	1500	1000	500	130	[15032]	[15031]	"[15021,15022,15023,15024,15025,15026,15027,15028,15029,15030]"
56	M094	9279	0	0	0	15480000	1220	1220	1220	338000	1690	135200	101400	67600	33800	8450	5000	26	2000	1500	1000	500	130	[15032]	[15031]	"[15021,15022,15023,15024,15025,15026,15027,15028,15029,15030]"
57	M094	9526	0	0	0	15888000	1240	1240	1240	346000	1730	138400	103800	69200	34600	8650	5000	26	2000	1500	1000	500	130	[15032]	[15031]	"[15021,15022,15023,15024,15025,15026,15027,15028,15029,15030]"
58	M094	9774	0	0	0	16296000	1260	1260	1260	353000	1766	141200	105900	70600	35300	8830	5000	26	2000	1500	1000	500	130	[15032]	[15031]	"[15021,15022,15023,15024,15025,15026,15027,15028,15029,15030]"
59	M094	10021	0	0	0	18792000	1280	1280	1280	361000	1806	144400	108300	72200	36100	9030	5000	26	2000	1500	1000	500	130	[15032]	[15031]	"[15021,15022,15023,15024,15025,15026,15027,15028,15029,15030]"
60	M094	11322	0	0	0	20331000	1300	1300	1300	369000	1846	147600	110700	73800	36900	9230	5000	26	2000	1500	1000	500	130	[15032]	[15031]	"[15021,15022,15023,15024,15025,15026,15027,15028,15029,15030]"
61	M094	11592	0	0	0	21591000	1320	1320	1320	379000	1896	151600	113700	75800	37900	9480	5000	26	2000	1500	1000	500	130	[15032]	[15031]	"[15021,15022,15023,15024,15025,15026,15027,15028,15029,15030]"
62	M094	11749	0	0	0	21861000	1340	1340	1340	388000	1940	155200	116400	77600	38800	9700	5000	26	2000	1500	1000	500	130	[15032]	[15031]	"[15021,15022,15023,15024,15025,15026,15027,15028,15029,15030]"
63	M094	12019	0	0	0	22356000	1360	1360	1360	398000	1990	159200	119400	79600	39800	9950	5000	26	2000	1500	1000	500	130	[15032]	[15031]	"[15021,15022,15023,15024,15025,15026,15027,15028,15029,15030]"
64	M094	12334	0	0	0	22941000	1380	1380	1380	408000	2040	163200	122400	81600	40800	10200	5000	26	2000	1500	1000	500	130	[15032]	[15031]	"[15021,15022,15023,15024,15025,15026,15027,15028,15029,15030]"
65	M094	12892	0	0	0	27040000	1400	1400	1400	417000	2086	166800	125100	83400	41700	10430	5000	26	2000	1500	1000	500	130	[15032]	[15031]	"[15021,15022,15023,15024,15025,15026,15027,15028,15029,15030]"
66	M094	13207	0	0	0	27690000	1420	1420	1420	427000	2136	170800	128100	85400	42700	10680	5000	26	2000	1500	1000	500	130	[15032]	[15031]	"[15021,15022,15023,15024,15025,15026,15027,15028,15029,15030]"
67	M094	13365	0	0	0	27990000	1440	1440	1440	437000	2186	174800	131100	87400	43700	10930	5000	26	2000	1500	1000	500	130	[15032]	[15031]	"[15021,15022,15023,15024,15025,15026,15027,15028,15029,15030]"
68	M094	13680	0	0	0	28640000	1460	1460	1460	446000	2230	178400	133800	89200	44600	11150	5000	26	2000	1500	1000	500	130	[15032]	[15031]	"[15021,15022,15023,15024,15025,15026,15027,15028,15029,15030]"
69	M094	13995	0	0	0	29290000	1480	1480	1480	456000	2280	182400	136800	91200	45600	11400	5000	26	2000	1500	1000	500	130	[15032]	[15031]	"[15021,15022,15023,15024,15025,15026,15027,15028,15029,15030]"
70	M094	15210	0	0	0	37334000	1500	1500	1500	466000	2330	186400	139800	93200	46600	11650	5000	26	2000	1500	1000	500	130	[15032]	[15031]	"[15021,15022,15023,15024,15025,15026,15027,15028,15029,15030]"
71	M094	15547	0	0	0	38093000	1520	1520	1520	475000	2376	190000	142500	95000	47500	11880	6000	30	2400	1800	1200	600	150	[15032]	[15031]	"[15021,15022,15023,15024,15025,15026,15027,15028,15029,15030]"
72	M094	15885	0	0	0	38852000	1540	1540	1540	485000	2426	194000	145500	97000	48500	12130	6000	30	2400	1800	1200	600	150	[15032]	[15031]	"[15021,15022,15023,15024,15025,15026,15027,15028,15029,15030]"
73	M094	16222	0	0	0	39611000	1560	1560	1560	495000	2476	198000	148500	99000	49500	12380	6000	30	2400	1800	1200	600	150	[15032]	[15031]	"[15021,15022,15023,15024,15025,15026,15027,15028,15029,15030]"
74	M094	16560	0	0	0	44040000	1580	1580	1580	504000	2520	201600	151200	100800	50400	12600	6000	30	2400	1800	1200	600	150	[15032]	[15031]	"[15021,15022,15023,15024,15025,15026,15027,15028,15029,15030]"
75	M094	17266	0	0	0	46428000	1600	1600	1600	514000	2570	205600	154200	102800	51400	12850	6000	30	2400	1800	1200	600	150	[15032]	[15031]	"[15021,15022,15023,15024,15025,15026,15027,15028,15029,15030]"
76	M094	17649	0	0	0	47376000	1620	1620	1620	524000	2620	209600	157200	104800	52400	13100	6000	30	2400	1800	1200	600	150	[15032]	[15031]	"[15021,15022,15023,15024,15025,15026,15027,15028,15029,15030]"
77	M094	17829	0	0	0	47784000	1640	1640	1640	533000	2666	213200	159900	106600	53300	13330	6000	30	2400	1800	1200	600	150	[15032]	[15031]	"[15021,15022,15023,15024,15025,15026,15027,15028,15029,15030]"
78	M094	18211	0	0	0	48732000	1660	1660	1660	543000	2716	217200	162900	108600	54300	13580	6000	30	2400	1800	1200	600	150	[15032]	[15031]	"[15021,15022,15023,15024,15025,15026,15027,15028,15029,15030]"
79	M094	18594	0	0	0	49680000	1680	1680	1680	553000	2766	221200	165900	110600	55300	13830	6000	30	2400	1800	1200	600	150	[15032]	[15031]	"[15021,15022,15023,15024,15025,15026,15027,15028,15029,15030]"
80	M094	22072	0	0	0	63108000	1700	1700	1700	562000	2810	224800	168600	112400	56200	14050	6000	30	2400	1800	1200	600	150	[15032]	[15031]	"[15021,15022,15023,15024,15025,15026,15027,15028,15029,15030]"
81	M094	22477	0	0	0	65856000	1720	1720	1720	572000	2860	228800	171600	114400	57200	14300	6000	30	2400	1800	1200	600	150	[15032]	[15031]	"[15021,15022,15023,15024,15025,15026,15027,15028,15029,15030]"
82	M094	22680	0	0	0	66324000	1740	1740	1740	582000	2910	232800	174600	116400	58200	14550	6000	30	2400	1800	1200	600	150	[15032]	[15031]	"[15021,15022,15023,15024,15025,15026,15027,15028,15029,15030]"
83	M094	23085	0	0	0	67332000	1760	1760	1760	591000	2956	236400	177300	118200	59100	14780	6000	30	2400	1800	1200	600	150	[15032]	[15031]	"[15021,15022,15023,15024,15025,15026,15027,15028,15029,15030]"
84	M094	23490	0	0	0	68340000	1780	1780	1780	601000	3006	240400	180300	120200	60100	15030	6000	30	2400	1800	1200	600	150	[15032]	[15031]	"[15021,15022,15023,15024,15025,15026,15027,15028,15029,15030]"
85	M094	24930	0	0	0	71148000	1800	1800	1800	611000	3056	244400	183300	122200	61100	15280	6000	30	2400	1800	1200	600	150	[15032]	[15031]	"[15021,15022,15023,15024,15025,15026,15027,15028,15029,15030]"
86	M094	25335	0	0	0	72156000	1820	1820	1820	621000	3106	248400	186300	124200	62100	15530	6000	30	2400	1800	1200	600	150	[15032]	[15031]	"[15021,15022,15023,15024,15025,15026,15027,15028,15029,15030]"
87	M094	25785	0	0	0	73284000	1840	1840	1840	630000	3150	252000	189000	126000	63000	15750	6000	30	2400	1800	1200	600	150	[15032]	[15031]	"[15021,15022,15023,15024,15025,15026,15027,15028,15029,15030]"
88	M094	25987	0	0	0	73752000	1860	1860	1860	640000	3200	256000	192000	128000	64000	16000	6000	30	2400	1800	1200	600	150	[15032]	[15031]	"[15021,15022,15023,15024,15025,15026,15027,15028,15029,15030]"
89	M094	26437	0	0	0	74880000	1880	1880	1880	650000	3250	260000	195000	130000	65000	16250	6000	30	2400	1800	1200	600	150	[15032]	[15031]	"[15021,15022,15023,15024,15025,15026,15027,15028,15029,15030]"
90	M094	27787	0	0	0	80808000	1900	1900	1900	659000	3296	263600	197700	131800	65900	16480	6000	30	2400	1800	1200	600	150	[15032]	[15031]	"[15021,15022,15023,15024,15025,15026,15027,15028,15029,15030]"
91	M094	28012	0	0	0	81324000	1920	1920	1920	669000	3346	267600	200700	133800	66900	16730	6000	30	2400	1800	1200	600	150	[15032]	[15031]	"[15021,15022,15023,15024,15025,15026,15027,15028,15029,15030]"
92	M094	28485	0	0	0	82500000	1940	1940	1940	679000	3396	271600	203700	135800	67900	16980	6000	30	2400	1800	1200	600	150	[15032]	[15031]	"[15021,15022,15023,15024,15025,15026,15027,15028,15029,15030]"
93	M094	28957	0	0	0	83676000	1960	1960	1960	688000	3440	275200	206400	137600	68800	17200	6000	30	2400	1800	1200	600	150	[15032]	[15031]	"[15021,15022,15023,15024,15025,15026,15027,15028,15029,15030]"
94	M094	29430	0	0	0	84852000	1980	1980	1980	698000	3490	279200	209400	139600	69800	17450	6000	30	2400	1800	1200	600	150	[15032]	[15031]	"[15021,15022,15023,15024,15025,15026,15027,15028,15029,15030]"
95	M094	30388	0	0	0	88188000	2000	2000	2000	708000	3540	283200	212400	141600	70800	17700	6000	30	2400	1800	1200	600	150	[15032]	[15031]	"[15021,15022,15023,15024,15025,15026,15027,15028,15029,15030]"
96	M094	30861	0	0	0	89364000	2020	2020	2020	717000	3586	286800	215100	143400	71700	17930	6000	30	2400	1800	1200	600	150	[15032]	[15031]	"[15021,15022,15023,15024,15025,15026,15027,15028,15029,15030]"
97	M094	31086	0	0	0	89880000	2040	2040	2040	727000	3636	290800	218100	145400	72700	18180	6000	30	2400	1800	1200	600	150	[15032]	[15031]	"[15021,15022,15023,15024,15025,15026,15027,15028,15029,15030]"
98	M094	31558	0	0	0	91056000	2060	2060	2060	737000	3686	294800	221100	147400	73700	18430	6000	30	2400	1800	1200	600	150	[15032]	[15031]	"[15021,15022,15023,15024,15025,15026,15027,15028,15029,15030]"
99	M094	32031	0	0	0	92232000	2080	2080	2080	746000	3730	298400	223800	149200	74600	18650	6000	30	2400	1800	1200	600	150	[15032]	[15031]	"[15021,15022,15023,15024,15025,15026,15027,15028,15029,15030]"
100	M094	33448	0	0	0	98328000	2100	2100	2100	756000	3780	302400	226800	151200	75600	18900	6000	30	2400	1800	1200	600	150	[15032]	[15031]	"[15021,15022,15023,15024,15025,15026,15027,15028,15029,15030]"
101	M094	33696	0	0	0	98892000	2120	2120	2120	770000	3850	308000	231000	154000	77000	19250	6000	30	2400	1800	1200	600	150	[15032]	[15031]	"[15021,15022,15023,15024,15025,15026,15027,15028,15029,15030]"
102	M094	34236	0	0	0	100236000	2140	2140	2140	783000	3916	313200	234900	156600	78300	19580	6000	30	2400	1800	1200	600	150	[15032]	[15031]	"[15021,15022,15023,15024,15025,15026,15027,15028,15029,15030]"
103	M094	34776	0	0	0	101580000	2160	2160	2160	797000	3986	318800	239100	159400	79700	19930	6000	30	2400	1800	1200	600	150	[15032]	[15031]	"[15021,15022,15023,15024,15025,15026,15027,15028,15029,15030]"
104	M094	35316	0	0	0	102924000	2180	2180	2180	810000	4050	324000	243000	162000	81000	20250	6000	30	2400	1800	1200	600	150	[15032]	[15031]	"[15021,15022,15023,15024,15025,15026,15027,15028,15029,15030]"
105	M094	36450	0	0	0	106908000	2200	2200	2200	824000	4120	329600	247200	164800	82400	20600	6000	30	2400	1800	1200	600	150	[15032]	[15031]	"[15021,15022,15023,15024,15025,15026,15027,15028,15029,15030]"
106	M094	36990	0	0	0	108252000	2220	2220	2220	837000	4186	334800	251100	167400	83700	20930	6000	30	2400	1800	1200	600	150	[15032]	[15031]	"[15021,15022,15023,15024,15025,15026,15027,15028,15029,15030]"
107	M094	37530	0	0	0	109596000	2240	2240	2240	851000	4256	340400	255300	170200	85100	21280	6000	30	2400	1800	1200	600	150	[15032]	[15031]	"[15021,15022,15023,15024,15025,15026,15027,15028,15029,15030]"
108	M094	37777	0	0	0	110160000	2260	2260	2260	864000	4320	345600	259200	172800	86400	21600	6000	30	2400	1800	1200	600	150	[15032]	[15031]	"[15021,15022,15023,15024,15025,15026,15027,15028,15029,15030]"
109	M094	38317	0	0	0	111504000	2280	2280	2280	878000	4390	351200	263400	175600	87800	21950	6000	30	2400	1800	1200	600	150	[15032]	[15031]	"[15021,15022,15023,15024,15025,15026,15027,15028,15029,15030]"
110	M094	40927	0	0	0	117648000	2300	2300	2300	892000	4460	356800	267600	178400	89200	22300	6000	30	2400	1800	1200	600	150	[15032]	[15031]	"[15021,15022,15023,15024,15025,15026,15027,15028,15029,15030]"
111	M094	41490	0	0	0	122304000	2320	2320	2320	909000	4546	363600	272700	181800	90900	22730	7000	36	2800	2100	1400	700	180	[15032]	[15031]	"[15021,15022,15023,15024,15025,15026,15027,15028,15029,15030]"
112	M094	41760	0	0	0	122916000	2340	2340	2340	926000	4630	370400	277800	185200	92600	23150	7000	36	2800	2100	1400	700	180	[15032]	[15031]	"[15021,15022,15023,15024,15025,15026,15027,15028,15029,15030]"
113	M094	42367	0	0	0	124428000	2360	2360	2360	944000	4720	377600	283200	188800	94400	23600	7000	36	2800	2100	1400	700	180	[15032]	[15031]	"[15021,15022,15023,15024,15025,15026,15027,15028,15029,15030]"
114	M094	42975	0	0	0	125940000	2380	2380	2380	961000	4806	384400	288300	192200	96100	24030	7000	36	2800	2100	1400	700	180	[15032]	[15031]	"[15021,15022,15023,15024,15025,15026,15027,15028,15029,15030]"
115	M094	43947	0	0	0	129672000	2400	2400	2400	979000	4896	391600	293700	195800	97900	24480	7000	36	2800	2100	1400	700	180	[15032]	[15031]	"[15021,15022,15023,15024,15025,15026,15027,15028,15029,15030]"
116	M094	44554	0	0	0	131184000	2420	2420	2420	996000	4980	398400	298800	199200	99600	24900	7000	36	2800	2100	1400	700	180	[15032]	[15031]	"[15021,15022,15023,15024,15025,15026,15027,15028,15029,15030]"
117	M094	45162	0	0	0	132696000	2440	2440	2440	1014000	5070	405600	304200	202800	101400	25350	7000	36	2800	2100	1400	700	180	[15032]	[15031]	"[15021,15022,15023,15024,15025,15026,15027,15028,15029,15030]"
118	M094	45432	0	0	0	133308000	2460	2460	2460	1031000	5156	412400	309300	206200	103100	25780	7000	36	2800	2100	1400	700	180	[15032]	[15031]	"[15021,15022,15023,15024,15025,15026,15027,15028,15029,15030]"
119	M094	46039	0	0	0	134820000	2480	2480	2480	1048000	5240	419200	314400	209600	104800	26200	7000	36	2800	2100	1400	700	180	[15032]	[15031]	"[15021,15022,15023,15024,15025,15026,15027,15028,15029,15030]"
120	M094	50139	0	0	0	146892000	2500	2500	2500	1066000	5330	426400	319800	213200	106600	26650	7000	36	2800	2100	1400	700	180	[15032]	[15031]	"[15021,15022,15023,15024,15025,15026,15027,15028,15029,15030]"
121	M094	50431	0	0	0	147564000	2520	2520	2520	1087000	5436	434800	326100	217400	108700	27180	7000	36	2800	2100	1400	700	180	[15032]	[15031]	"[15021,15022,15023,15024,15025,15026,15027,15028,15029,15030]"
122	M094	51061	0	0	0	149136000	2540	2540	2540	1108000	5540	443200	332400	221600	110800	27700	7000	36	2800	2100	1400	700	180	[15032]	[15031]	"[15021,15022,15023,15024,15025,15026,15027,15028,15029,15030]"
123	M094	51354	0	0	0	149808000	2560	2560	2560	1130000	5650	452000	339000	226000	113000	28250	7000	36	2800	2100	1400	700	180	[15032]	[15031]	"[15021,15022,15023,15024,15025,15026,15027,15028,15029,15030]"
124	M094	51984	0	0	0	151380000	2580	2580	2580	1151000	5756	460400	345300	230200	115100	28780	7000	36	2800	2100	1400	700	180	[15032]	[15031]	"[15021,15022,15023,15024,15025,15026,15027,15028,15029,15030]"
125	M094	53424	0	0	0	156552000	2600	2600	2600	1172000	5860	468800	351600	234400	117200	29300	7000	36	2800	2100	1400	700	180	[15032]	[15031]	"[15021,15022,15023,15024,15025,15026,15027,15028,15029,15030]"
126	M094	53716	0	0	0	157224000	2620	2620	2620	1194000	5970	477600	358200	238800	119400	29850	7000	36	2800	2100	1400	700	180	[15032]	[15031]	"[15021,15022,15023,15024,15025,15026,15027,15028,15029,15030]"
127	M094	54346	0	0	0	158796000	2640	2640	2640	1215000	6076	486000	364500	243000	121500	30380	7000	36	2800	2100	1400	700	180	[15032]	[15031]	"[15021,15022,15023,15024,15025,15026,15027,15028,15029,15030]"
128	M094	55044	0	0	0	160548000	2660	2660	2660	1236000	6180	494400	370800	247200	123600	30900	7000	36	2800	2100	1400	700	180	[15032]	[15031]	"[15021,15022,15023,15024,15025,15026,15027,15028,15029,15030]"
129	M094	55336	0	0	0	161220000	2680	2680	2680	1257000	6286	502800	377100	251400	125700	31430	7000	36	2800	2100	1400	700	180	[15032]	[15031]	"[15021,15022,15023,15024,15025,15026,15027,15028,15029,15030]"
130	M094	56034	0	0	0	162972000	2700	2700	2700	1279000	6396	511600	383700	255800	127900	31980	7000	36	2800	2100	1400	700	180	[15032]	[15031]	"[15021,15022,15023,15024,15025,15026,15027,15028,15029,15030]"
131	M094	56349	0	0	0	163692000	2720	2720	2720	1300000	6500	520000	390000	260000	130000	32500	7000	36	2800	2100	1400	700	180	[15032]	[15031]	"[15021,15022,15023,15024,15025,15026,15027,15028,15029,15030]"
132	M094	57069	0	0	0	165492000	2740	2740	2740	1321000	6606	528400	396300	264200	132100	33030	7000	36	2800	2100	1400	700	180	[15032]	[15031]	"[15021,15022,15023,15024,15025,15026,15027,15028,15029,15030]"
133	M094	57789	0	0	0	167292000	2760	2760	2760	1343000	6716	537200	402900	268600	134300	33580	7000	36	2800	2100	1400	700	180	[15032]	[15031]	"[15021,15022,15023,15024,15025,15026,15027,15028,15029,15030]"
134	M094	58104	0	0	0	168012000	2780	2780	2780	1364000	6820	545600	409200	272800	136400	34100	7000	36	2800	2100	1400	700	180	[15032]	[15031]	"[15021,15022,15023,15024,15025,15026,15027,15028,15029,15030]"
135	M094	59769	0	0	0	174012000	2800	2800	2800	1385000	6926	554000	415500	277000	138500	34630	7000	36	2800	2100	1400	700	180	[15032]	[15031]	"[15021,15022,15023,15024,15025,15026,15027,15028,15029,15030]"
136	M094	60084	0	0	0	174732000	2820	2820	2820	1407000	7036	562800	422100	281400	140700	35180	7000	36	2800	2100	1400	700	180	[15032]	[15031]	"[15021,15022,15023,15024,15025,15026,15027,15028,15029,15030]"
137	M094	60804	0	0	0	176532000	2840	2840	2840	1428000	7140	571200	428400	285600	142800	35700	7000	36	2800	2100	1400	700	180	[15032]	[15031]	"[15021,15022,15023,15024,15025,15026,15027,15028,15029,15030]"
138	M094	61524	0	0	0	178332000	2860	2860	2860	1449000	7246	579600	434700	289800	144900	36230	7000	36	2800	2100	1400	700	180	[15032]	[15031]	"[15021,15022,15023,15024,15025,15026,15027,15028,15029,15030]"
139	M094	61839	0	0	0	179052000	2880	2880	2880	1470000	7350	588000	441000	294000	147000	36750	7000	36	2800	2100	1400	700	180	[15032]	[15031]	"[15021,15022,15023,15024,15025,15026,15027,15028,15029,15030]"
140	M094	63459	0	0	0	185652000	2900	2900	2900	1492000	7460	596800	447600	298400	149200	37300	7000	36	2800	2100	1400	700	180	[15032]	[15031]	"[15021,15022,15023,15024,15025,15026,15027,15028,15029,15030]"
141	M094	64201	0	0	0	193008000	2920	2920	2920	1513000	7566	605200	453900	302600	151300	37830	7000	36	2800	2100	1400	700	180	[15032]	[15031]	"[15021,15022,15023,15024,15025,15026,15027,15028,15029,15030]"
142	M094	64539	0	0	0	193776000	2940	2940	2940	1534000	7670	613600	460200	306800	153400	38350	7000	36	2800	2100	1400	700	180	[15032]	[15031]	"[15021,15022,15023,15024,15025,15026,15027,15028,15029,15030]"
143	M094	65281	0	0	0	195624000	2960	2960	2960	1556000	7780	622400	466800	311200	155600	38900	7000	36	2800	2100	1400	700	180	[15032]	[15031]	"[15021,15022,15023,15024,15025,15026,15027,15028,15029,15030]"
144	M094	65619	0	0	0	196392000	2980	2980	2980	1577000	7886	630800	473100	315400	157700	39430	7000	36	2800	2100	1400	700	180	[15032]	[15031]	"[15021,15022,15023,15024,15025,15026,15027,15028,15029,15030]"
145	M094	69489	0	0	0	203220000	3000	3000	3000	1598000	7990	639200	479400	319600	159800	39950	7000	36	2800	2100	1400	700	180	[15032]	[15031]	"[15021,15022,15023,15024,15025,15026,15027,15028,15029,15030]"
146	M094	69826	0	0	0	203988000	3020	3020	3020	1620000	8100	648000	486000	324000	162000	40500	7000	36	2800	2100	1400	700	180	[15032]	[15031]	"[15021,15022,15023,15024,15025,15026,15027,15028,15029,15030]"
147	M094	70636	0	0	0	206016000	3040	3040	3040	1641000	8206	656400	492300	328200	164100	41030	7000	36	2800	2100	1400	700	180	[15032]	[15031]	"[15021,15022,15023,15024,15025,15026,15027,15028,15029,15030]"
148	M094	70974	0	0	0	206784000	3060	3060	3060	1662000	8310	664800	498600	332400	166200	41550	7000	36	2800	2100	1400	700	180	[15032]	[15031]	"[15021,15022,15023,15024,15025,15026,15027,15028,15029,15030]"
149	M094	71784	0	0	0	208812000	3080	3080	3080	1683000	8416	673200	504900	336600	168300	42080	7000	36	2800	2100	1400	700	180	[15032]	[15031]	"[15021,15022,15023,15024,15025,15026,15027,15028,15029,15030]"
150	M094	72594	0	0	0	210840000	3100	3100	3100	1705000	8526	682000	511500	341000	170500	42630	7000	36	2800	2100	1400	700	180	[15032]	[15031]	"[15021,15022,15023,15024,15025,15026,15027,15028,15029,15030]"
151	M094	72954	0	0	0	211656000	3120	3120	3120	1726000	8630	690400	517800	345200	172600	43150	8000	40	3200	2400	1600	800	200	[15032]	[15031]	"[15021,15022,15023,15024,15025,15026,15027,15028,15029,15030]"
152	M094	73786	0	0	0	213732000	3140	3140	3140	1747000	8736	698800	524100	349400	174700	43680	8000	40	3200	2400	1600	800	200	[15032]	[15031]	"[15021,15022,15023,15024,15025,15026,15027,15028,15029,15030]"
153	M094	74619	0	0	0	215808000	3160	3160	3160	1769000	8846	707600	530700	353800	176900	44230	8000	40	3200	2400	1600	800	200	[15032]	[15031]	"[15021,15022,15023,15024,15025,15026,15027,15028,15029,15030]"
154	M094	74979	0	0	0	216624000	3180	3180	3180	1790000	8950	716000	537000	358000	179000	44750	8000	40	3200	2400	1600	800	200	[15032]	[15031]	"[15021,15022,15023,15024,15025,15026,15027,15028,15029,15030]"
155	M094	76554	0	0	0	222840000	3200	3200	3200	1811000	9056	724400	543300	362200	181100	45280	8000	40	3200	2400	1600	800	200	[15032]	[15031]	"[15021,15022,15023,15024,15025,15026,15027,15028,15029,15030]"
156	M094	77386	0	0	0	224916000	3220	3220	3220	1832000	9160	732800	549600	366400	183200	45800	8000	40	3200	2400	1600	800	200	[15032]	[15031]	"[15021,15022,15023,15024,15025,15026,15027,15028,15029,15030]"
157	M094	78219	0	0	0	226992000	3240	3240	3240	1854000	9270	741600	556200	370800	185400	46350	8000	40	3200	2400	1600	800	200	[15032]	[15031]	"[15021,15022,15023,15024,15025,15026,15027,15028,15029,15030]"
158	M094	78579	0	0	0	227808000	3260	3260	3260	1875000	9376	750000	562500	375000	187500	46880	8000	40	3200	2400	1600	800	200	[15032]	[15031]	"[15021,15022,15023,15024,15025,15026,15027,15028,15029,15030]"
159	M094	79411	0	0	0	229884000	3280	3280	3280	1896000	9480	758400	568800	379200	189600	47400	8000	40	3200	2400	1600	800	200	[15032]	[15031]	"[15021,15022,15023,15024,15025,15026,15027,15028,15029,15030]"
160	M094	79771	0	0	0	230700000	3300	3300	3300	1918000	9590	767200	575400	383600	191800	47950	8000	40	3200	2400	1600	800	200	[15032]	[15031]	"[15021,15022,15023,15024,15025,15026,15027,15028,15029,15030]"
161	M094	80626	0	0	0	232836000	3320	3320	3320	1939000	9696	775600	581700	387800	193900	48480	8000	40	3200	2400	1600	800	200	[15032]	[15031]	"[15021,15022,15023,15024,15025,15026,15027,15028,15029,15030]"
162	M094	81009	0	0	0	233712000	3340	3340	3340	1960000	9800	784000	588000	392000	196000	49000	8000	40	3200	2400	1600	800	200	[15032]	[15031]	"[15021,15022,15023,15024,15025,15026,15027,15028,15029,15030]"
163	M094	81391	0	0	0	234588000	3360	3360	3360	1982000	9910	792800	594600	396400	198200	49550	8000	40	3200	2400	1600	800	200	[15032]	[15031]	"[15021,15022,15023,15024,15025,15026,15027,15028,15029,15030]"
164	M094	82314	0	0	0	236904000	3380	3380	3380	2003000	10016	801200	600900	400600	200300	50080	8000	40	3200	2400	1600	800	200	[15032]	[15031]	"[15021,15022,15023,15024,15025,15026,15027,15028,15029,15030]"
165	M094	84586	0	0	0	245220000	3400	3400	3400	2024000	10120	809600	607200	404800	202400	50600	8000	40	3200	2400	1600	800	200	[15032]	[15031]	"[15021,15022,15023,15024,15025,15026,15027,15028,15029,15030]"
166	M094	85509	0	0	0	247536000	3420	3420	3420	2045000	10226	818000	613500	409000	204500	51130	8000	40	3200	2400	1600	800	200	[15032]	[15031]	"[15021,15022,15023,15024,15025,15026,15027,15028,15029,15030]"
167	M094	86431	0	0	0	249852000	3440	3440	3440	2067000	10336	826800	620100	413400	206700	51680	8000	40	3200	2400	1600	800	200	[15032]	[15031]	"[15021,15022,15023,15024,15025,15026,15027,15028,15029,15030]"
168	M094	87354	0	0	0	252168000	3460	3460	3460	2088000	10440	835200	626400	417600	208800	52200	8000	40	3200	2400	1600	800	200	[15032]	[15031]	"[15021,15022,15023,15024,15025,15026,15027,15028,15029,15030]"
169	M094	88276	0	0	0	254484000	3480	3480	3480	2109000	10546	843600	632700	421800	210900	52730	8000	40	3200	2400	1600	800	200	[15032]	[15031]	"[15021,15022,15023,15024,15025,15026,15027,15028,15029,15030]"
170	M094	92691	0	0	0	267360000	3500	3500	3500	2131000	10656	852400	639300	426200	213100	53280	8000	40	3200	2400	1600	800	200	[15032]	[15031]	"[15021,15022,15023,15024,15025,15026,15027,15028,15029,15030]"
171	M094	93636	0	0	0	269724000	3520	3520	3520	2152000	10760	860800	645600	430400	215200	53800	8000	40	3200	2400	1600	800	200	[15032]	[15031]	"[15021,15022,15023,15024,15025,15026,15027,15028,15029,15030]"
172	M094	94041	0	0	0	270648000	3540	3540	3540	2173000	10866	869200	651900	434600	217300	54330	8000	40	3200	2400	1600	800	200	[15032]	[15031]	"[15021,15022,15023,15024,15025,15026,15027,15028,15029,15030]"
173	M094	94446	0	0	0	271572000	3560	3560	3560	2195000	10976	878000	658500	439000	219500	54880	8000	40	3200	2400	1600	800	200	[15032]	[15031]	"[15021,15022,15023,15024,15025,15026,15027,15028,15029,15030]"
174	M094	94851	0	0	0	272496000	3580	3580	3580	2216000	11080	886400	664800	443200	221600	55400	8000	40	3200	2400	1600	800	200	[15032]	[15031]	"[15021,15022,15023,15024,15025,15026,15027,15028,15029,15030]"
175	M094	97281	0	0	0	281460000	3600	3600	3600	2237000	11186	894800	671100	447400	223700	55930	8000	40	3200	2400	1600	800	200	[15032]	[15031]	"[15021,15022,15023,15024,15025,15026,15027,15028,15029,15030]"
176	M094	98226	0	0	0	283824000	3620	3620	3620	2258000	11290	903200	677400	451600	225800	56450	8000	40	3200	2400	1600	800	200	[15032]	[15031]	"[15021,15022,15023,15024,15025,15026,15027,15028,15029,15030]"
177	M094	98631	0	0	0	284748000	3640	3640	3640	2280000	11400	912000	684000	456000	228000	57000	8000	40	3200	2400	1600	800	200	[15032]	[15031]	"[15021,15022,15023,15024,15025,15026,15027,15028,15029,15030]"
178	M094	99576	0	0	0	287292000	3660	3660	3660	2301000	11506	920400	690300	460200	230100	57530	8000	40	3200	2400	1600	800	200	[15032]	[15031]	"[15021,15022,15023,15024,15025,15026,15027,15028,15029,15030]"
179	M094	99981	0	0	0	288216000	3680	3680	3680	2322000	11610	928800	696600	464400	232200	58050	8000	40	3200	2400	1600	800	200	[15032]	[15031]	"[15021,15022,15023,15024,15025,15026,15027,15028,15029,15030]"
180	M094	100926	0	0	0	290760000	3700	3700	3700	2344000	11720	937600	703200	468800	234400	58600	8000	40	3200	2400	1600	800	200	[15032]	[15031]	"[15021,15022,15023,15024,15025,15026,15027,15028,15029,15030]"
181	M094	101893	0	0	0	293352000	3720	3720	3720	2365000	11826	946000	709500	473000	236500	59130	8000	40	3200	2400	1600	800	200	[15032]	[15031]	"[15021,15022,15023,15024,15025,15026,15027,15028,15029,15030]"
182	M094	102861	0	0	0	295944000	3740	3740	3740	2386000	11930	954400	715800	477200	238600	59650	8000	40	3200	2400	1600	800	200	[15032]	[15031]	"[15021,15022,15023,15024,15025,15026,15027,15028,15029,15030]"
183	M094	103828	0	0	0	298536000	3760	3760	3760	2407000	12036	962800	722100	481400	240700	60180	8000	40	3200	2400	1600	800	200	[15032]	[15031]	"[15021,15022,15023,15024,15025,15026,15027,15028,15029,15030]"
184	M094	104256	0	0	0	299508000	3780	3780	3780	2429000	12146	971600	728700	485800	242900	60730	8000	40	3200	2400	1600	800	200	[15032]	[15031]	"[15021,15022,15023,15024,15025,15026,15027,15028,15029,15030]"
185	M094	106303	0	0	0	307680000	3800	3800	3800	2450000	12250	980000	735000	490000	245000	61250	8000	40	3200	2400	1600	800	200	[15032]	[15031]	"[15021,15022,15023,15024,15025,15026,15027,15028,15029,15030]"
186	M094	107271	0	0	0	310272000	3820	3820	3820	2471000	12356	988400	741300	494200	247100	61780	8000	40	3200	2400	1600	800	200	[15032]	[15031]	"[15021,15022,15023,15024,15025,15026,15027,15028,15029,15030]"
187	M094	108238	0	0	0	312864000	3840	3840	3840	2493000	12466	997200	747900	498600	249300	62330	8000	40	3200	2400	1600	800	200	[15032]	[15031]	"[15021,15022,15023,15024,15025,15026,15027,15028,15029,15030]"
188	M094	108666	0	0	0	313836000	3860	3860	3860	2514000	12570	1005600	754200	502800	251400	62850	8000	40	3200	2400	1600	800	200	[15032]	[15031]	"[15021,15022,15023,15024,15025,15026,15027,15028,15029,15030]"
189	M094	109633	0	0	0	316428000	3880	3880	3880	2535000	12676	1014000	760500	507000	253500	63380	8000	40	3200	2400	1600	800	200	[15032]	[15031]	"[15021,15022,15023,15024,15025,15026,15027,15028,15029,15030]"
190	M094	110601	0	0	0	319020000	3900	3900	3900	2557000	12786	1022800	767100	511400	255700	63930	8000	40	3200	2400	1600	800	200	[15032]	[15031]	"[15021,15022,15023,15024,15025,15026,15027,15028,15029,15030]"
191	M094	111051	0	0	0	320040000	3920	3920	3920	2578000	12890	1031200	773400	515600	257800	64450	8000	40	3200	2400	1600	800	200	[15032]	[15031]	"[15021,15022,15023,15024,15025,15026,15027,15028,15029,15030]"
192	M094	112041	0	0	0	322680000	3940	3940	3940	2599000	12996	1039600	779700	519800	259900	64980	8000	40	3200	2400	1600	800	200	[15032]	[15031]	"[15021,15022,15023,15024,15025,15026,15027,15028,15029,15030]"
193	M094	113031	0	0	0	325500000	3960	3960	3960	2620000	13100	1048000	786000	524000	262000	65500	8000	40	3200	2400	1600	800	200	[15032]	[15031]	"[15021,15022,15023,15024,15025,15026,15027,15028,15029,15030]"
194	M094	113481	0	0	0	326520000	3980	3980	3980	2642000	13210	1056800	792600	528400	264200	66050	8000	40	3200	2400	1600	800	200	[15032]	[15031]	"[15021,15022,15023,15024,15025,15026,15027,15028,15029,15030]"
195	M094	116226	0	0	0	337140000	4000	4000	4000	2663000	13316	1065200	798900	532600	266300	66580	8000	40	3200	2400	1600	800	200	[15032]	[15031]	"[15021,15022,15023,15024,15025,15026,15027,15028,15029,15030]"
196	M094	117216	0	0	0	339960000	4020	4020	4020	2684000	13420	1073600	805200	536800	268400	67100	8000	40	3200	2400	1600	800	200	[15032]	[15031]	"[15021,15022,15023,15024,15025,15026,15027,15028,15029,15030]"
197	M094	117666	0	0	0	340980000	4040	4040	4040	2706000	13530	1082400	811800	541200	270600	67650	8000	40	3200	2400	1600	800	200	[15032]	[15031]	"[15021,15022,15023,15024,15025,15026,15027,15028,15029,15030]"
198	M094	118656	0	0	0	343800000	4060	4060	4060	2727000	13636	1090800	818100	545400	272700	68180	8000	40	3200	2400	1600	800	200	[15032]	[15031]	"[15021,15022,15023,15024,15025,15026,15027,15028,15029,15030]"
199	M094	119106	0	0	0	344820000	4080	4080	4080	2748000	13740	1099200	824400	549600	274800	68700	8000	40	3200	2400	1600	800	200	[15032]	[15031]	"[15021,15022,15023,15024,15025,15026,15027,15028,15029,15030]"
200	M094	120456	0	0	0	350640000	4100	4100	4100	2769000	13846	1107600	830700	553800	276900	69230	8000	40	3200	2400	1600	800	200	[15032]	[15031]	"[15021,15022,15023,15024,15025,15026,15027,15028,15029,15030]"