number	number	string	number	number	array	number	array2	array	array2	array	number	number	number	number	number	number
ID	上级宝库ID	头像	怪物等级	颜色	怪物名	boss名	初始怪物配置	初始boss配置	怪物配置	Boss配置	金币	占领金币/分钟	1小时额外金币	2小时额外金币	3小时额外金币	4小时额外金币
4001	0	3032	30	1	[3032]	0	"[[3032,-200,2],[3032,-150,3],[3032,-150,1],[3032,-30,3],[3032,-30,2],[3032,-30,1],[3032,60,3],[3032,60,2],[3032,60,1],[3032,150,3],[3032,150,2],[3032,150,1],[3032,240,3],[3032,240,2],[3032,240,1]]"	[]	[]	[]	1200	150	1800	2160	2592	3110
4002	4001	3033	31	1	[3033]	0	"[[3033,-200,2],[3033,-150,3],[3033,-150,1],[3033,-30,3],[3033,-30,2],[3033,-30,1],[3033,60,3],[3033,60,2],[3033,60,1],[3033,150,3],[3033,150,2],[3033,150,1],[3033,240,3],[3033,240,2],[3033,240,1]]"	[]	[]	[]	1212	155	1860	2232	2678	3213
4003	4002	3034	32	1	[3034]	0	"[[3034,-200,2],[3034,-150,3],[3034,-150,1],[3034,-30,3],[3034,-30,2],[3034,-30,1],[3034,60,3],[3034,60,2],[3034,60,1],[3034,150,3],[3034,150,2],[3034,150,1],[3034,240,3],[3034,240,2],[3034,240,1]]"	[]	[]	[]	1224	160	1920	2304	2764	3316
4004	4003	3035	33	1	[3035]	0	"[[3035,-200,2],[3035,-150,3],[3035,-150,1],[3035,-30,3],[3035,-30,2],[3035,-30,1],[3035,60,3],[3035,60,2],[3035,60,1],[3035,150,3],[3035,150,2],[3035,150,1],[3035,240,3],[3035,240,2],[3035,240,1]]"	[]	[]	[]	1236	165	1980	2376	2851	3421
4005	4004	3031	34	1	[3031]	0	"[[3031,-200,2],[3031,-150,3],[3031,-150,1],[3031,-30,3],[3031,-30,2],[3031,-30,1],[3031,60,3],[3031,60,2],[3031,60,1],[3031,150,3],[3031,150,2],[3031,150,1],[3031,240,3],[3031,240,2],[3031,240,1]]"	[]	[]	[]	1248	170	2040	2448	2937	3524
4006	4005	3032	35	1	[3032]	0	"[[3032,-200,2],[3032,-150,3],[3032,-150,1],[3032,-30,3],[3032,-30,2],[3032,-30,1],[3032,60,3],[3032,60,2],[3032,60,1],[3032,150,3],[3032,150,2],[3032,150,1],[3032,240,3],[3032,240,2],[3032,240,1]]"	[]	[]	[]	1260	175	2100	2520	3024	3628
4007	4006	3033	36	1	[3033]	0	"[[3033,-200,2],[3033,-150,3],[3033,-150,1],[3033,-30,3],[3033,-30,2],[3033,-30,1],[3033,60,3],[3033,60,2],[3033,60,1],[3033,150,3],[3033,150,2],[3033,150,1],[3033,240,3],[3033,240,2],[3033,240,1]]"	[]	[]	[]	1272	180	2160	2592	3110	3732
4008	4007	3034	37	1	[3034]	0	"[[3034,-200,2],[3034,-150,3],[3034,-150,1],[3034,-30,3],[3034,-30,2],[3034,-30,1],[3034,60,3],[3034,60,2],[3034,60,1],[3034,150,3],[3034,150,2],[3034,150,1],[3034,240,3],[3034,240,2],[3034,240,1]]"	[]	[]	[]	1284	185	2220	2664	3196	3835
4009	4008	3035	38	1	[3035]	0	"[[3035,-200,2],[3035,-150,3],[3035,-150,1],[3035,-30,3],[3035,-30,2],[3035,-30,1],[3035,60,3],[3035,60,2],[3035,60,1],[3035,150,3],[3035,150,2],[3035,150,1],[3035,240,3],[3035,240,2],[3035,240,1]]"	[]	[]	[]	1296	190	2280	2736	3283	3939
4010	4009	3027	39	2	[3031]	3027	"[[3031,-200,2],[3031,-150,3],[3031,-150,1],[3031,-30,3],[3031,-30,2],[3031,-30,1],[3031,60,3],[3031,60,2],[3031,60,1],[3031,150,3],[3031,150,2],[3031,150,1],[3031,240,3],[3031,240,2],[3031,240,1]]"	[]	[]	"[3027,20,2]"	1308	195	2340	2808	3369	4042
4011	4010	3032	40	1	[3032]	0	"[[3032,-200,2],[3032,-150,3],[3032,-150,1],[3032,-30,3],[3032,-30,2],[3032,-30,1],[3032,60,3],[3032,60,2],[3032,60,1],[3032,150,3],[3032,150,2],[3032,150,1],[3032,240,3],[3032,240,2],[3032,240,1]]"	[]	[]	[]	1320	200	2400	2880	3456	4147
4012	4011	3033	41	1	[3033]	0	"[[3033,-200,2],[3033,-150,3],[3033,-150,1],[3033,-30,3],[3033,-30,2],[3033,-30,1],[3033,60,3],[3033,60,2],[3033,60,1],[3033,150,3],[3033,150,2],[3033,150,1],[3033,240,3],[3033,240,2],[3033,240,1]]"	[]	[]	[]	1332	205	2460	2952	3542	4250
4013	4012	3034	42	1	[3034]	0	"[[3034,-200,2],[3034,-150,3],[3034,-150,1],[3034,-30,3],[3034,-30,2],[3034,-30,1],[3034,60,3],[3034,60,2],[3034,60,1],[3034,150,3],[3034,150,2],[3034,150,1],[3034,240,3],[3034,240,2],[3034,240,1]]"	[]	[]	[]	1344	210	2520	3024	3628	4353
4014	4013	3035	43	1	[3035]	0	"[[3035,-200,2],[3035,-150,3],[3035,-150,1],[3035,-30,3],[3035,-30,2],[3035,-30,1],[3035,60,3],[3035,60,2],[3035,60,1],[3035,150,3],[3035,150,2],[3035,150,1],[3035,240,3],[3035,240,2],[3035,240,1]]"	[]	[]	[]	1356	215	2580	3096	3715	4458
4015	4014	3031	44	1	[3031]	0	"[[3031,-200,2],[3031,-150,3],[3031,-150,1],[3031,-30,3],[3031,-30,2],[3031,-30,1],[3031,60,3],[3031,60,2],[3031,60,1],[3031,150,3],[3031,150,2],[3031,150,1],[3031,240,3],[3031,240,2],[3031,240,1]]"	[]	[]	[]	1368	220	2640	3168	3801	4561
4016	4015	3032	45	1	[3032]	0	"[[3032,-200,2],[3032,-150,3],[3032,-150,1],[3032,-30,3],[3032,-30,2],[3032,-30,1],[3032,60,3],[3032,60,2],[3032,60,1],[3032,150,3],[3032,150,2],[3032,150,1],[3032,240,3],[3032,240,2],[3032,240,1]]"	[]	[]	[]	1380	225	2700	3240	3888	4665
4017	4016	3033	46	1	[3033]	0	"[[3033,-200,2],[3033,-150,3],[3033,-150,1],[3033,-30,3],[3033,-30,2],[3033,-30,1],[3033,60,3],[3033,60,2],[3033,60,1],[3033,150,3],[3033,150,2],[3033,150,1],[3033,240,3],[3033,240,2],[3033,240,1]]"	[]	[]	[]	1392	230	2760	3312	3974	4768
4018	4017	3034	47	1	[3034]	0	"[[3034,-200,2],[3034,-150,3],[3034,-150,1],[3034,-30,3],[3034,-30,2],[3034,-30,1],[3034,60,3],[3034,60,2],[3034,60,1],[3034,150,3],[3034,150,2],[3034,150,1],[3034,240,3],[3034,240,2],[3034,240,1]]"	[]	[]	[]	1404	235	2820	3384	4060	4872
4019	4018	3035	48	1	[3035]	0	"[[3035,-200,2],[3035,-150,3],[3035,-150,1],[3035,-30,3],[3035,-30,2],[3035,-30,1],[3035,60,3],[3035,60,2],[3035,60,1],[3035,150,3],[3035,150,2],[3035,150,1],[3035,240,3],[3035,240,2],[3035,240,1]]"	[]	[]	[]	1416	240	2880	3456	4147	4976
4020	4019	3028	49	2	[3031]	3028	"[[3031,-200,2],[3031,-150,3],[3031,-150,1],[3031,-30,3],[3031,-30,2],[3031,-30,1],[3031,60,3],[3031,60,2],[3031,60,1],[3031,150,3],[3031,150,2],[3031,150,1],[3031,240,3],[3031,240,2],[3031,240,1]]"	[]	[]	"[3028,20,2]"	1428	245	2940	3528	4233	5079
4021	4020	3032	50	2	[3032]	0	"[[3032,-200,2],[3032,-150,3],[3032,-150,1],[3032,-30,3],[3032,-30,2],[3032,-30,1],[3032,60,3],[3032,60,2],[3032,60,1],[3032,150,3],[3032,150,2],[3032,150,1],[3032,240,3],[3032,240,2],[3032,240,1]]"	[]	[]	[]	1452	255	3060	3672	4406	5287
4022	4021	3033	51	2	[3033]	0	"[[3033,-200,2],[3033,-150,3],[3033,-150,1],[3033,-30,3],[3033,-30,2],[3033,-30,1],[3033,60,3],[3033,60,2],[3033,60,1],[3033,150,3],[3033,150,2],[3033,150,1],[3033,240,3],[3033,240,2],[3033,240,1]]"	[]	[]	[]	1476	265	3180	3816	4579	5494
4023	4022	3034	52	2	[3034]	0	"[[3034,-200,2],[3034,-150,3],[3034,-150,1],[3034,-30,3],[3034,-30,2],[3034,-30,1],[3034,60,3],[3034,60,2],[3034,60,1],[3034,150,3],[3034,150,2],[3034,150,1],[3034,240,3],[3034,240,2],[3034,240,1]]"	[]	[]	[]	1500	275	3300	3960	4752	5702
4024	4023	3035	53	2	[3035]	0	"[[3035,-200,2],[3035,-150,3],[3035,-150,1],[3035,-30,3],[3035,-30,2],[3035,-30,1],[3035,60,3],[3035,60,2],[3035,60,1],[3035,150,3],[3035,150,2],[3035,150,1],[3035,240,3],[3035,240,2],[3035,240,1]]"	[]	[]	[]	1524	285	3420	4104	4924	5908
4025	4024	3031	54	2	[3031]	0	"[[3031,-200,2],[3031,-150,3],[3031,-150,1],[3031,-30,3],[3031,-30,2],[3031,-30,1],[3031,60,3],[3031,60,2],[3031,60,1],[3031,150,3],[3031,150,2],[3031,150,1],[3031,240,3],[3031,240,2],[3031,240,1]]"	[]	[]	[]	1548	295	3540	4248	5097	6116
4026	4025	3032	55	2	[3032]	0	"[[3032,-200,2],[3032,-150,3],[3032,-150,1],[3032,-30,3],[3032,-30,2],[3032,-30,1],[3032,60,3],[3032,60,2],[3032,60,1],[3032,150,3],[3032,150,2],[3032,150,1],[3032,240,3],[3032,240,2],[3032,240,1]]"	[]	[]	[]	1572	305	3660	4392	5270	6324
4027	4026	3033	56	2	[3033]	0	"[[3033,-200,2],[3033,-150,3],[3033,-150,1],[3033,-30,3],[3033,-30,2],[3033,-30,1],[3033,60,3],[3033,60,2],[3033,60,1],[3033,150,3],[3033,150,2],[3033,150,1],[3033,240,3],[3033,240,2],[3033,240,1]]"	[]	[]	[]	1596	315	3780	4536	5443	6531
4028	4027	3034	57	2	[3034]	0	"[[3034,-200,2],[3034,-150,3],[3034,-150,1],[3034,-30,3],[3034,-30,2],[3034,-30,1],[3034,60,3],[3034,60,2],[3034,60,1],[3034,150,3],[3034,150,2],[3034,150,1],[3034,240,3],[3034,240,2],[3034,240,1]]"	[]	[]	[]	1620	325	3900	4680	5616	6739
4029	4028	3035	58	2	[3035]	0	"[[3035,-200,2],[3035,-150,3],[3035,-150,1],[3035,-30,3],[3035,-30,2],[3035,-30,1],[3035,60,3],[3035,60,2],[3035,60,1],[3035,150,3],[3035,150,2],[3035,150,1],[3035,240,3],[3035,240,2],[3035,240,1]]"	[]	[]	[]	1644	335	4020	4824	5788	6945
4030	4029	3029	59	3	[3031]	3029	"[[3031,-200,2],[3031,-150,3],[3031,-150,1],[3031,-30,3],[3031,-30,2],[3031,-30,1],[3031,60,3],[3031,60,2],[3031,60,1],[3031,150,3],[3031,150,2],[3031,150,1],[3031,240,3],[3031,240,2],[3031,240,1]]"	[]	[]	"[3029,20,2]"	1668	345	4140	4968	5961	7153
4031	4030	3032	61	2	[3032]	0	"[[3032,-200,2],[3032,-150,3],[3032,-150,1],[3032,-30,3],[3032,-30,2],[3032,-30,1],[3032,60,3],[3032,60,2],[3032,60,1],[3032,150,3],[3032,150,2],[3032,150,1],[3032,240,3],[3032,240,2],[3032,240,1]]"	[]	[]	[]	1716	365	4380	5256	6307	7568
4032	4031	3033	63	2	[3033]	0	"[[3033,-200,2],[3033,-150,3],[3033,-150,1],[3033,-30,3],[3033,-30,2],[3033,-30,1],[3033,60,3],[3033,60,2],[3033,60,1],[3033,150,3],[3033,150,2],[3033,150,1],[3033,240,3],[3033,240,2],[3033,240,1]]"	[]	[]	[]	1764	385	4620	5544	6652	7982
4033	4032	3034	65	2	[3034]	0	"[[3034,-200,2],[3034,-150,3],[3034,-150,1],[3034,-30,3],[3034,-30,2],[3034,-30,1],[3034,60,3],[3034,60,2],[3034,60,1],[3034,150,3],[3034,150,2],[3034,150,1],[3034,240,3],[3034,240,2],[3034,240,1]]"	[]	[]	[]	1812	405	4860	5832	6998	8397
4034	4033	3035	67	2	[3035]	0	"[[3035,-200,2],[3035,-150,3],[3035,-150,1],[3035,-30,3],[3035,-30,2],[3035,-30,1],[3035,60,3],[3035,60,2],[3035,60,1],[3035,150,3],[3035,150,2],[3035,150,1],[3035,240,3],[3035,240,2],[3035,240,1]]"	[]	[]	[]	1860	425	5100	6120	7344	8812
4035	4034	3031	69	2	[3031]	0	"[[3031,-200,2],[3031,-150,3],[3031,-150,1],[3031,-30,3],[3031,-30,2],[3031,-30,1],[3031,60,3],[3031,60,2],[3031,60,1],[3031,150,3],[3031,150,2],[3031,150,1],[3031,240,3],[3031,240,2],[3031,240,1]]"	[]	[]	[]	1908	445	5340	6408	7689	9226
4036	4035	3032	71	2	[3032]	0	"[[3032,-200,2],[3032,-150,3],[3032,-150,1],[3032,-30,3],[3032,-30,2],[3032,-30,1],[3032,60,3],[3032,60,2],[3032,60,1],[3032,150,3],[3032,150,2],[3032,150,1],[3032,240,3],[3032,240,2],[3032,240,1]]"	[]	[]	[]	1956	465	5580	6696	8035	9642
4037	4036	3033	73	2	[3033]	0	"[[3033,-200,2],[3033,-150,3],[3033,-150,1],[3033,-30,3],[3033,-30,2],[3033,-30,1],[3033,60,3],[3033,60,2],[3033,60,1],[3033,150,3],[3033,150,2],[3033,150,1],[3033,240,3],[3033,240,2],[3033,240,1]]"	[]	[]	[]	2004	485	5820	6984	8380	10056
4038	4037	3034	75	2	[3034]	0	"[[3034,-200,2],[3034,-150,3],[3034,-150,1],[3034,-30,3],[3034,-30,2],[3034,-30,1],[3034,60,3],[3034,60,2],[3034,60,1],[3034,150,3],[3034,150,2],[3034,150,1],[3034,240,3],[3034,240,2],[3034,240,1]]"	[]	[]	[]	2052	505	6060	7272	8726	10471
4039	4038	3035	77	2	[3035]	0	"[[3035,-200,2],[3035,-150,3],[3035,-150,1],[3035,-30,3],[3035,-30,2],[3035,-30,1],[3035,60,3],[3035,60,2],[3035,60,1],[3035,150,3],[3035,150,2],[3035,150,1],[3035,240,3],[3035,240,2],[3035,240,1]]"	[]	[]	[]	2100	525	6300	7560	9072	10886
4040	4039	3030	79	3	[3031]	3030	"[[3031,-200,2],[3031,-150,3],[3031,-150,1],[3031,-30,3],[3031,-30,2],[3031,-30,1],[3031,60,3],[3031,60,2],[3031,60,1],[3031,150,3],[3031,150,2],[3031,150,1],[3031,240,3],[3031,240,2],[3031,240,1]]"	[]	[]	"[3030,20,2]"	2148	545	6540	7848	9417	11300
4041	4040	3032	81	3	[3032]	0	"[[3032,-200,2],[3032,-150,3],[3032,-150,1],[3032,-30,3],[3032,-30,2],[3032,-30,1],[3032,60,3],[3032,60,2],[3032,60,1],[3032,150,3],[3032,150,2],[3032,150,1],[3032,240,3],[3032,240,2],[3032,240,1]]"	[]	[]	[]	2244	565	6780	8136	9763	11715
4042	4041	3033	83	3	[3033]	0	"[[3033,-200,2],[3033,-150,3],[3033,-150,1],[3033,-30,3],[3033,-30,2],[3033,-30,1],[3033,60,3],[3033,60,2],[3033,60,1],[3033,150,3],[3033,150,2],[3033,150,1],[3033,240,3],[3033,240,2],[3033,240,1]]"	[]	[]	[]	2340	585	7020	8424	10108	12129
4043	4042	3034	85	3	[3034]	0	"[[3034,-200,2],[3034,-150,3],[3034,-150,1],[3034,-30,3],[3034,-30,2],[3034,-30,1],[3034,60,3],[3034,60,2],[3034,60,1],[3034,150,3],[3034,150,2],[3034,150,1],[3034,240,3],[3034,240,2],[3034,240,1]]"	[]	[]	[]	2436	605	7260	8712	10454	12544
4044	4043	3035	87	3	[3035]	0	"[[3035,-200,2],[3035,-150,3],[3035,-150,1],[3035,-30,3],[3035,-30,2],[3035,-30,1],[3035,60,3],[3035,60,2],[3035,60,1],[3035,150,3],[3035,150,2],[3035,150,1],[3035,240,3],[3035,240,2],[3035,240,1]]"	[]	[]	[]	2532	625	7500	9000	10800	12960
4045	4044	3031	89	3	[3031]	0	"[[3031,-200,2],[3031,-150,3],[3031,-150,1],[3031,-30,3],[3031,-30,2],[3031,-30,1],[3031,60,3],[3031,60,2],[3031,60,1],[3031,150,3],[3031,150,2],[3031,150,1],[3031,240,3],[3031,240,2],[3031,240,1]]"	[]	[]	[]	2628	645	7740	9288	11145	13374
4046	4045	3032	91	3	[3032]	0	"[[3032,-200,2],[3032,-150,3],[3032,-150,1],[3032,-30,3],[3032,-30,2],[3032,-30,1],[3032,60,3],[3032,60,2],[3032,60,1],[3032,150,3],[3032,150,2],[3032,150,1],[3032,240,3],[3032,240,2],[3032,240,1]]"	[]	[]	[]	2724	665	7980	9576	11491	13789
4047	4046	3033	93	3	[3033]	0	"[[3033,-200,2],[3033,-150,3],[3033,-150,1],[3033,-30,3],[3033,-30,2],[3033,-30,1],[3033,60,3],[3033,60,2],[3033,60,1],[3033,150,3],[3033,150,2],[3033,150,1],[3033,240,3],[3033,240,2],[3033,240,1]]"	[]	[]	[]	2820	685	8220	9864	11836	14203
4048	4047	3034	95	3	[3034]	0	"[[3034,-200,2],[3034,-150,3],[3034,-150,1],[3034,-30,3],[3034,-30,2],[3034,-30,1],[3034,60,3],[3034,60,2],[3034,60,1],[3034,150,3],[3034,150,2],[3034,150,1],[3034,240,3],[3034,240,2],[3034,240,1]]"	[]	[]	[]	2916	705	8460	10152	12182	14618
4049	4048	3035	97	3	[3035]	0	"[[3035,-200,2],[3035,-150,3],[3035,-150,1],[3035,-30,3],[3035,-30,2],[3035,-30,1],[3035,60,3],[3035,60,2],[3035,60,1],[3035,150,3],[3035,150,2],[3035,150,1],[3035,240,3],[3035,240,2],[3035,240,1]]"	[]	[]	[]	3012	725	8700	10440	12528	15033
4050	4049	3026	99	4	[3031]	3026	"[[3031,-200,2],[3031,-150,3],[3031,-150,1],[3031,-30,3],[3031,-30,2],[3031,-30,1],[3031,60,3],[3031,60,2],[3031,60,1],[3031,150,3],[3031,150,2],[3031,150,1],[3031,240,3],[3031,240,2],[3031,240,1]]"	[]	[]	"[3026,20,2]"	3108	745	8940	10728	12873	15447
4051	4050	3032	101	3	[3032]	0	"[[3032,-200,2],[3032,-150,3],[3032,-150,1],[3032,-30,3],[3032,-30,2],[3032,-30,1],[3032,60,3],[3032,60,2],[3032,60,1],[3032,150,3],[3032,150,2],[3032,150,1],[3032,240,3],[3032,240,2],[3032,240,1]]"	[]	[]	[]	3204	785	9420	11304	13564	16276
4052	4051	3033	103	3	[3033]	0	"[[3033,-200,2],[3033,-150,3],[3033,-150,1],[3033,-30,3],[3033,-30,2],[3033,-30,1],[3033,60,3],[3033,60,2],[3033,60,1],[3033,150,3],[3033,150,2],[3033,150,1],[3033,240,3],[3033,240,2],[3033,240,1]]"	[]	[]	[]	3300	825	9900	11880	14256	17107
4053	4052	3034	105	3	[3034]	0	"[[3034,-200,2],[3034,-150,3],[3034,-150,1],[3034,-30,3],[3034,-30,2],[3034,-30,1],[3034,60,3],[3034,60,2],[3034,60,1],[3034,150,3],[3034,150,2],[3034,150,1],[3034,240,3],[3034,240,2],[3034,240,1]]"	[]	[]	[]	3396	865	10380	12456	14947	17936
4054	4053	3035	107	3	[3035]	0	"[[3035,-200,2],[3035,-150,3],[3035,-150,1],[3035,-30,3],[3035,-30,2],[3035,-30,1],[3035,60,3],[3035,60,2],[3035,60,1],[3035,150,3],[3035,150,2],[3035,150,1],[3035,240,3],[3035,240,2],[3035,240,1]]"	[]	[]	[]	3492	905	10860	13032	15638	18765
4055	4054	3031	109	3	[3031]	0	"[[3031,-200,2],[3031,-150,3],[3031,-150,1],[3031,-30,3],[3031,-30,2],[3031,-30,1],[3031,60,3],[3031,60,2],[3031,60,1],[3031,150,3],[3031,150,2],[3031,150,1],[3031,240,3],[3031,240,2],[3031,240,1]]"	[]	[]	[]	3588	945	11340	13608	16329	19594
4056	4055	3032	111	3	[3032]	0	"[[3032,-200,2],[3032,-150,3],[3032,-150,1],[3032,-30,3],[3032,-30,2],[3032,-30,1],[3032,60,3],[3032,60,2],[3032,60,1],[3032,150,3],[3032,150,2],[3032,150,1],[3032,240,3],[3032,240,2],[3032,240,1]]"	[]	[]	[]	3684	985	11820	14184	17020	20424
4057	4056	3033	113	3	[3033]	0	"[[3033,-200,2],[3033,-150,3],[3033,-150,1],[3033,-30,3],[3033,-30,2],[3033,-30,1],[3033,60,3],[3033,60,2],[3033,60,1],[3033,150,3],[3033,150,2],[3033,150,1],[3033,240,3],[3033,240,2],[3033,240,1]]"	[]	[]	[]	3780	1025	12300	14760	17712	21254
4058	4057	3034	115	3	[3034]	0	"[[3034,-200,2],[3034,-150,3],[3034,-150,1],[3034,-30,3],[3034,-30,2],[3034,-30,1],[3034,60,3],[3034,60,2],[3034,60,1],[3034,150,3],[3034,150,2],[3034,150,1],[3034,240,3],[3034,240,2],[3034,240,1]]"	[]	[]	[]	3876	1065	12780	15336	18403	22083
4059	4058	3035	117	3	[3035]	0	"[[3035,-200,2],[3035,-150,3],[3035,-150,1],[3035,-30,3],[3035,-30,2],[3035,-30,1],[3035,60,3],[3035,60,2],[3035,60,1],[3035,150,3],[3035,150,2],[3035,150,1],[3035,240,3],[3035,240,2],[3035,240,1]]"	[]	[]	[]	3972	1105	13260	15912	19094	22912
4060	4059	3027	119	3	[3031]	3027	"[[3031,-200,2],[3031,-150,3],[3031,-150,1],[3031,-30,3],[3031,-30,2],[3031,-30,1],[3031,60,3],[3031,60,2],[3031,60,1],[3031,150,3],[3031,150,2],[3031,150,1],[3031,240,3],[3031,240,2],[3031,240,1]]"	[]	[]	"[3027,20,2]"	4068	1145	13740	16488	19785	23742
4061	4060	3032	121	4	[3032]	0	"[[3032,-200,2],[3032,-150,3],[3032,-150,1],[3032,-30,3],[3032,-30,2],[3032,-30,1],[3032,60,3],[3032,60,2],[3032,60,1],[3032,150,3],[3032,150,2],[3032,150,1],[3032,240,3],[3032,240,2],[3032,240,1]]"	[]	[]	[]	4164	1185	14220	17064	20476	24571
4062	4061	3033	123	4	[3033]	0	"[[3033,-200,2],[3033,-150,3],[3033,-150,1],[3033,-30,3],[3033,-30,2],[3033,-30,1],[3033,60,3],[3033,60,2],[3033,60,1],[3033,150,3],[3033,150,2],[3033,150,1],[3033,240,3],[3033,240,2],[3033,240,1]]"	[]	[]	[]	4260	1225	14700	17640	21168	25401
4063	4062	3034	125	4	[3034]	0	"[[3034,-200,2],[3034,-150,3],[3034,-150,1],[3034,-30,3],[3034,-30,2],[3034,-30,1],[3034,60,3],[3034,60,2],[3034,60,1],[3034,150,3],[3034,150,2],[3034,150,1],[3034,240,3],[3034,240,2],[3034,240,1]]"	[]	[]	[]	4356	1265	15180	18216	21859	26230
4064	4063	3035	127	4	[3035]	0	"[[3035,-200,2],[3035,-150,3],[3035,-150,1],[3035,-30,3],[3035,-30,2],[3035,-30,1],[3035,60,3],[3035,60,2],[3035,60,1],[3035,150,3],[3035,150,2],[3035,150,1],[3035,240,3],[3035,240,2],[3035,240,1]]"	[]	[]	[]	4452	1305	15660	18792	22550	27060
4065	4064	3031	129	4	[3031]	0	"[[3031,-200,2],[3031,-150,3],[3031,-150,1],[3031,-30,3],[3031,-30,2],[3031,-30,1],[3031,60,3],[3031,60,2],[3031,60,1],[3031,150,3],[3031,150,2],[3031,150,1],[3031,240,3],[3031,240,2],[3031,240,1]]"	[]	[]	[]	4548	1345	16140	19368	23241	27889
4066	4065	3032	131	4	[3032]	0	"[[3032,-200,2],[3032,-150,3],[3032,-150,1],[3032,-30,3],[3032,-30,2],[3032,-30,1],[3032,60,3],[3032,60,2],[3032,60,1],[3032,150,3],[3032,150,2],[3032,150,1],[3032,240,3],[3032,240,2],[3032,240,1]]"	[]	[]	[]	4644	1385	16620	19944	23932	28718
4067	4066	3033	133	4	[3033]	0	"[[3033,-200,2],[3033,-150,3],[3033,-150,1],[3033,-30,3],[3033,-30,2],[3033,-30,1],[3033,60,3],[3033,60,2],[3033,60,1],[3033,150,3],[3033,150,2],[3033,150,1],[3033,240,3],[3033,240,2],[3033,240,1]]"	[]	[]	[]	4740	1425	17100	20520	24624	29548
4068	4067	3034	135	4	[3034]	0	"[[3034,-200,2],[3034,-150,3],[3034,-150,1],[3034,-30,3],[3034,-30,2],[3034,-30,1],[3034,60,3],[3034,60,2],[3034,60,1],[3034,150,3],[3034,150,2],[3034,150,1],[3034,240,3],[3034,240,2],[3034,240,1]]"	[]	[]	[]	4836	1465	17580	21096	25315	30378
4069	4068	3035	137	4	[3035]	0	"[[3035,-200,2],[3035,-150,3],[3035,-150,1],[3035,-30,3],[3035,-30,2],[3035,-30,1],[3035,60,3],[3035,60,2],[3035,60,1],[3035,150,3],[3035,150,2],[3035,150,1],[3035,240,3],[3035,240,2],[3035,240,1]]"	[]	[]	[]	4932	1505	18060	21672	26006	31207
4070	4069	3028	139	4	[3031]	3028	"[[3031,-200,2],[3031,-150,3],[3031,-150,1],[3031,-30,3],[3031,-30,2],[3031,-30,1],[3031,60,3],[3031,60,2],[3031,60,1],[3031,150,3],[3031,150,2],[3031,150,1],[3031,240,3],[3031,240,2],[3031,240,1]]"	[]	[]	"[3028,20,2]"	5028	1545	18540	22248	26697	32036
4071	4070	3032	141	4	[3032]	0	"[[3032,-200,2],[3032,-150,3],[3032,-150,1],[3032,-30,3],[3032,-30,2],[3032,-30,1],[3032,60,3],[3032,60,2],[3032,60,1],[3032,150,3],[3032,150,2],[3032,150,1],[3032,240,3],[3032,240,2],[3032,240,1]]"	[]	[]	[]	5124	1585	19020	22824	27388	32865
4072	4071	3033	143	4	[3033]	0	"[[3033,-200,2],[3033,-150,3],[3033,-150,1],[3033,-30,3],[3033,-30,2],[3033,-30,1],[3033,60,3],[3033,60,2],[3033,60,1],[3033,150,3],[3033,150,2],[3033,150,1],[3033,240,3],[3033,240,2],[3033,240,1]]"	[]	[]	[]	5220	1625	19500	23400	28080	33696
4073	4072	3034	145	4	[3034]	0	"[[3034,-200,2],[3034,-150,3],[3034,-150,1],[3034,-30,3],[3034,-30,2],[3034,-30,1],[3034,60,3],[3034,60,2],[3034,60,1],[3034,150,3],[3034,150,2],[3034,150,1],[3034,240,3],[3034,240,2],[3034,240,1]]"	[]	[]	[]	5316	1665	19980	23976	28771	34525
4074	4073	3035	147	4	[3035]	0	"[[3035,-200,2],[3035,-150,3],[3035,-150,1],[3035,-30,3],[3035,-30,2],[3035,-30,1],[3035,60,3],[3035,60,2],[3035,60,1],[3035,150,3],[3035,150,2],[3035,150,1],[3035,240,3],[3035,240,2],[3035,240,1]]"	[]	[]	[]	5412	1705	20460	24552	29462	35354
4075	4074	3031	149	4	[3031]	0	"[[3031,-200,2],[3031,-150,3],[3031,-150,1],[3031,-30,3],[3031,-30,2],[3031,-30,1],[3031,60,3],[3031,60,2],[3031,60,1],[3031,150,3],[3031,150,2],[3031,150,1],[3031,240,3],[3031,240,2],[3031,240,1]]"	[]	[]	[]	5508	1745	20940	25128	30153	36183
4076	4075	3032	151	4	[3032]	0	"[[3032,-200,2],[3032,-150,3],[3032,-150,1],[3032,-30,3],[3032,-30,2],[3032,-30,1],[3032,60,3],[3032,60,2],[3032,60,1],[3032,150,3],[3032,150,2],[3032,150,1],[3032,240,3],[3032,240,2],[3032,240,1]]"	[]	[]	[]	5604	1785	21420	25704	30844	37012
4077	4076	3033	153	4	[3033]	0	"[[3033,-200,2],[3033,-150,3],[3033,-150,1],[3033,-30,3],[3033,-30,2],[3033,-30,1],[3033,60,3],[3033,60,2],[3033,60,1],[3033,150,3],[3033,150,2],[3033,150,1],[3033,240,3],[3033,240,2],[3033,240,1]]"	[]	[]	[]	5700	1825	21900	26280	31536	37843
4078	4077	3034	155	4	[3034]	0	"[[3034,-200,2],[3034,-150,3],[3034,-150,1],[3034,-30,3],[3034,-30,2],[3034,-30,1],[3034,60,3],[3034,60,2],[3034,60,1],[3034,150,3],[3034,150,2],[3034,150,1],[3034,240,3],[3034,240,2],[3034,240,1]]"	[]	[]	[]	5796	1865	22380	26856	32227	38672
4079	4078	3035	157	4	[3035]	0	"[[3035,-200,2],[3035,-150,3],[3035,-150,1],[3035,-30,3],[3035,-30,2],[3035,-30,1],[3035,60,3],[3035,60,2],[3035,60,1],[3035,150,3],[3035,150,2],[3035,150,1],[3035,240,3],[3035,240,2],[3035,240,1]]"	[]	[]	[]	5892	1905	22860	27432	32918	39501
4080	4079	3029	159	4	[3031]	3029	"[[3031,-200,2],[3031,-150,3],[3031,-150,1],[3031,-30,3],[3031,-30,2],[3031,-30,1],[3031,60,3],[3031,60,2],[3031,60,1],[3031,150,3],[3031,150,2],[3031,150,1],[3031,240,3],[3031,240,2],[3031,240,1]]"	[]	[]	"[3029,20,2]"	5988	1945	23340	28008	33609	40330
4081	4080	3032	161	4	[3032]	0	"[[3032,-200,2],[3032,-150,3],[3032,-150,1],[3032,-30,3],[3032,-30,2],[3032,-30,1],[3032,60,3],[3032,60,2],[3032,60,1],[3032,150,3],[3032,150,2],[3032,150,1],[3032,240,3],[3032,240,2],[3032,240,1]]"	[]	[]	[]	6084	2005	24060	28872	34646	41575
4082	4081	3033	163	4	[3033]	0	"[[3033,-200,2],[3033,-150,3],[3033,-150,1],[3033,-30,3],[3033,-30,2],[3033,-30,1],[3033,60,3],[3033,60,2],[3033,60,1],[3033,150,3],[3033,150,2],[3033,150,1],[3033,240,3],[3033,240,2],[3033,240,1]]"	[]	[]	[]	6180	2065	24780	29736	35683	42819
4083	4082	3034	165	4	[3034]	0	"[[3034,-200,2],[3034,-150,3],[3034,-150,1],[3034,-30,3],[3034,-30,2],[3034,-30,1],[3034,60,3],[3034,60,2],[3034,60,1],[3034,150,3],[3034,150,2],[3034,150,1],[3034,240,3],[3034,240,2],[3034,240,1]]"	[]	[]	[]	6276	2125	25500	30600	36720	44064
4084	4083	3035	167	4	[3035]	0	"[[3035,-200,2],[3035,-150,3],[3035,-150,1],[3035,-30,3],[3035,-30,2],[3035,-30,1],[3035,60,3],[3035,60,2],[3035,60,1],[3035,150,3],[3035,150,2],[3035,150,1],[3035,240,3],[3035,240,2],[3035,240,1]]"	[]	[]	[]	6372	2185	26220	31464	37756	45307
4085	4084	3031	169	4	[3031]	0	"[[3031,-200,2],[3031,-150,3],[3031,-150,1],[3031,-30,3],[3031,-30,2],[3031,-30,1],[3031,60,3],[3031,60,2],[3031,60,1],[3031,150,3],[3031,150,2],[3031,150,1],[3031,240,3],[3031,240,2],[3031,240,1]]"	[]	[]	[]	6468	2245	26940	32328	38793	46551
4086	4085	3032	171	4	[3032]	0	"[[3032,-200,2],[3032,-150,3],[3032,-150,1],[3032,-30,3],[3032,-30,2],[3032,-30,1],[3032,60,3],[3032,60,2],[3032,60,1],[3032,150,3],[3032,150,2],[3032,150,1],[3032,240,3],[3032,240,2],[3032,240,1]]"	[]	[]	[]	6564	2305	27660	33192	39830	47796
4087	4086	3033	173	4	[3033]	0	"[[3033,-200,2],[3033,-150,3],[3033,-150,1],[3033,-30,3],[3033,-30,2],[3033,-30,1],[3033,60,3],[3033,60,2],[3033,60,1],[3033,150,3],[3033,150,2],[3033,150,1],[3033,240,3],[3033,240,2],[3033,240,1]]"	[]	[]	[]	6660	2365	28380	34056	40867	49040
4088	4087	3034	175	4	[3034]	0	"[[3034,-200,2],[3034,-150,3],[3034,-150,1],[3034,-30,3],[3034,-30,2],[3034,-30,1],[3034,60,3],[3034,60,2],[3034,60,1],[3034,150,3],[3034,150,2],[3034,150,1],[3034,240,3],[3034,240,2],[3034,240,1]]"	[]	[]	[]	6756	2425	29100	34920	41904	50284
4089	4088	3035	177	4	[3035]	0	"[[3035,-200,2],[3035,-150,3],[3035,-150,1],[3035,-30,3],[3035,-30,2],[3035,-30,1],[3035,60,3],[3035,60,2],[3035,60,1],[3035,150,3],[3035,150,2],[3035,150,1],[3035,240,3],[3035,240,2],[3035,240,1]]"	[]	[]	[]	6852	2485	29820	35784	42940	51528
4090	4089	3030	179	4	[3031]	3030	"[[3031,-200,2],[3031,-150,3],[3031,-150,1],[3031,-30,3],[3031,-30,2],[3031,-30,1],[3031,60,3],[3031,60,2],[3031,60,1],[3031,150,3],[3031,150,2],[3031,150,1],[3031,240,3],[3031,240,2],[3031,240,1]]"	[]	[]	"[3030,20,2]"	6948	2545	30540	36648	43977	52772
4091	4090	3032	181	4	[3032]	0	"[[3032,-200,2],[3032,-150,3],[3032,-150,1],[3032,-30,3],[3032,-30,2],[3032,-30,1],[3032,60,3],[3032,60,2],[3032,60,1],[3032,150,3],[3032,150,2],[3032,150,1],[3032,240,3],[3032,240,2],[3032,240,1]]"	[]	[]	[]	7044	2605	31260	37512	45014	54016
4092	4091	3033	183	4	[3033]	0	"[[3033,-200,2],[3033,-150,3],[3033,-150,1],[3033,-30,3],[3033,-30,2],[3033,-30,1],[3033,60,3],[3033,60,2],[3033,60,1],[3033,150,3],[3033,150,2],[3033,150,1],[3033,240,3],[3033,240,2],[3033,240,1]]"	[]	[]	[]	7140	2665	31980	38376	46051	55261
4093	4092	3034	185	4	[3034]	0	"[[3034,-200,2],[3034,-150,3],[3034,-150,1],[3034,-30,3],[3034,-30,2],[3034,-30,1],[3034,60,3],[3034,60,2],[3034,60,1],[3034,150,3],[3034,150,2],[3034,150,1],[3034,240,3],[3034,240,2],[3034,240,1]]"	[]	[]	[]	7236	2725	32700	39240	47088	56505
4094	4093	3035	187	4	[3035]	0	"[[3035,-200,2],[3035,-150,3],[3035,-150,1],[3035,-30,3],[3035,-30,2],[3035,-30,1],[3035,60,3],[3035,60,2],[3035,60,1],[3035,150,3],[3035,150,2],[3035,150,1],[3035,240,3],[3035,240,2],[3035,240,1]]"	[]	[]	[]	7332	2785	33420	40104	48124	57748
4095	4094	3031	189	4	[3031]	0	"[[3031,-200,2],[3031,-150,3],[3031,-150,1],[3031,-30,3],[3031,-30,2],[3031,-30,1],[3031,60,3],[3031,60,2],[3031,60,1],[3031,150,3],[3031,150,2],[3031,150,1],[3031,240,3],[3031,240,2],[3031,240,1]]"	[]	[]	[]	7428	2845	34140	40968	49161	58993
4096	4095	3032	191	4	[3032]	0	"[[3032,-200,2],[3032,-150,3],[3032,-150,1],[3032,-30,3],[3032,-30,2],[3032,-30,1],[3032,60,3],[3032,60,2],[3032,60,1],[3032,150,3],[3032,150,2],[3032,150,1],[3032,240,3],[3032,240,2],[3032,240,1]]"	[]	[]	[]	7524	2905	34860	41832	50198	60237
4097	4096	3033	193	4	[3033]	0	"[[3033,-200,2],[3033,-150,3],[3033,-150,1],[3033,-30,3],[3033,-30,2],[3033,-30,1],[3033,60,3],[3033,60,2],[3033,60,1],[3033,150,3],[3033,150,2],[3033,150,1],[3033,240,3],[3033,240,2],[3033,240,1]]"	[]	[]	[]	7620	2965	35580	42696	51235	61482
4098	4097	3034	195	4	[3034]	0	"[[3034,-200,2],[3034,-150,3],[3034,-150,1],[3034,-30,3],[3034,-30,2],[3034,-30,1],[3034,60,3],[3034,60,2],[3034,60,1],[3034,150,3],[3034,150,2],[3034,150,1],[3034,240,3],[3034,240,2],[3034,240,1]]"	[]	[]	[]	7716	3025	36300	43560	52272	62726
4099	4098	3035	197	4	[3035]	0	"[[3035,-200,2],[3035,-150,3],[3035,-150,1],[3035,-30,3],[3035,-30,2],[3035,-30,1],[3035,60,3],[3035,60,2],[3035,60,1],[3035,150,3],[3035,150,2],[3035,150,1],[3035,240,3],[3035,240,2],[3035,240,1]]"	[]	[]	[]	7812	3085	37020	44424	53308	63969
4100	4099	3026	199	4	[3031]	3026	"[[3031,-200,2],[3031,-150,3],[3031,-150,1],[3031,-30,3],[3031,-30,2],[3031,-30,1],[3031,60,3],[3031,60,2],[3031,60,1],[3031,150,3],[3031,150,2],[3031,150,1],[3031,240,3],[3031,240,2],[3031,240,1]]"	[]	[]	"[3026,20,2]"	7908	3145	37740	45288	54345	65214