number	string	string	string	number	number	number	number	number	number	number	number	number	array2
id	icon	name	description	sort	typeindex	taskindex	times	openlv	power	coin	diamond	exp	reward
10001	M10004	仲間を集めよう	仲間を4人にする	1	1	1	4	6	0	0	10	0	[]
10002	M10004	仲間を集めよう	仲間を5人にする	2	1	1	5	6	0	0	10	0	[]
10003	M10004	仲間を集めよう	仲間を6人にする	3	1	1	6	6	0	0	10	0	[]
10004	M10004	仲間を集めよう	仲間を7人にする	4	1	1	7	6	0	0	10	0	[]
10005	M10004	仲間を集めよう	仲間を8人にする	5	1	1	8	6	0	0	10	0	[]
10006	M10004	仲間を集めよう	仲間を9人にする	6	1	1	9	6	0	0	10	0	[]
10007	M10004	仲間を集めよう	仲間を10人にする	7	1	1	10	6	0	0	10	0	[]
10008	M10004	仲間を集めよう	仲間を11人にする	8	1	1	11	6	0	0	30	0	[]
10009	M10004	仲間を集めよう	仲間を12人にする	9	1	1	12	6	0	0	30	0	[]
10010	M10004	仲間を集めよう	仲間を13人にする	10	1	1	13	6	0	0	30	0	[]
10011	M10004	仲間を集めよう	仲間を14人にする	11	1	1	14	6	0	0	30	0	[]
10012	M10004	仲間を集めよう	仲間を15人にする	12	1	1	15	6	0	0	30	0	[]
10013	M10004	仲間を集めよう	仲間を16人にする	13	1	1	16	6	0	0	30	0	[]
10014	M10004	仲間を集めよう	仲間を17人にする	14	1	1	17	6	0	0	30	0	[]
10015	M10004	仲間を集めよう	仲間を18人にする	15	1	1	18	6	0	0	30	0	[]
10016	M10004	仲間を集めよう	仲間を19人にする	16	1	1	19	6	0	0	30	0	[]
10017	M10004	仲間を集めよう	仲間を20人にする	17	1	1	20	6	0	0	30	0	[]
10018	M10004	仲間を集めよう	仲間を21人にする	18	1	1	21	6	0	0	50	0	[]
10019	M10004	仲間を集めよう	仲間を22人にする	19	1	1	22	6	0	0	50	0	[]
10020	M10004	仲間を集めよう	仲間を23人にする	20	1	1	23	6	0	0	50	0	[]
10021	M10004	仲間を集めよう	仲間を24人にする	21	1	1	24	6	0	0	50	0	[]
10022	M10004	仲間を集めよう	仲間を25人にする	22	1	1	25	6	0	0	50	0	[]
10023	M10004	仲間を集めよう	仲間を26人にする	23	1	1	26	6	0	0	50	0	[]
10024	M10004	仲間を集めよう	仲間を27人にする	24	1	1	27	6	0	0	50	0	[]
10025	M10004	仲間を集めよう	仲間を28人にする	25	1	1	28	6	0	0	50	0	[]
10026	M10004	仲間を集めよう	仲間を29人にする	26	1	1	29	6	0	0	50	0	[]
10027	M10004	仲間を集めよう	仲間を30人にする	27	1	1	30	6	0	0	50	0	[]
10028	M10004	仲間を集めよう	仲間を31人にする	28	1	1	31	6	0	0	50	0	[]
10029	M10004	仲間を集めよう	仲間を32人にする	29	1	1	32	6	0	0	50	0	[]
10030	M10004	仲間を集めよう	仲間を33人にする	30	1	1	33	6	0	0	50	0	[]
10031	M10004	仲間を集めよう	仲間を34人にする	31	1	1	34	6	0	0	50	0	[]
10032	M10004	仲間を集めよう	仲間を35人にする	32	1	1	35	6	0	0	50	0	[]
10033	M10004	仲間を集めよう	仲間を36人にする	33	1	1	36	6	0	0	50	0	[]
10034	M10004	仲間を集めよう	仲間を37人にする	34	1	1	37	6	0	0	50	0	[]
10035	M10004	仲間を集めよう	仲間を38人にする	35	1	1	38	6	0	0	50	0	[]
10036	M10004	仲間を集めよう	仲間を39人にする	36	1	1	39	6	0	0	50	0	[]
10037	M10004	仲間を集めよう	仲間を40人にする	37	1	1	40	6	0	0	50	0	[]
10038	M10004	仲間を集めよう	仲間を41人にする	38	1	1	41	6	0	0	50	0	[]
10039	M10004	仲間を集めよう	仲間を42人にする	39	1	1	42	6	0	0	50	0	[]
10040	M10004	仲間を集めよう	仲間を43人にする	40	1	1	43	6	0	0	50	0	[]
10041	M10004	仲間を集めよう	仲間を44人にする	41	1	1	44	6	0	0	50	0	[]
10042	M10004	仲間を集めよう	仲間を45人にする	42	1	1	45	6	0	0	50	0	[]
10043	M10004	仲間を集めよう	仲間を46人にする	43	1	1	46	6	0	0	50	0	[]
10044	M10004	仲間を集めよう	仲間を47人にする	44	1	1	47	6	0	0	50	0	[]
10045	M10004	仲間を集めよう	仲間を48人にする	45	1	1	48	6	0	0	50	0	[]
10046	M10004	仲間を集めよう	仲間を49人にする	46	1	1	49	6	0	0	50	0	[]
10047	M10004	仲間を集めよう	仲間を50人にする	47	1	1	50	6	0	0	50	0	[]
10048	M10004	仲間を集めよう	仲間を51人にする	48	1	1	51	6	0	0	50	0	[]
30001	M10002	仲間の昇格	仲間3人を昇格させる	1	2	3	3	6	0	12000	10	0	[]
30002	M10002	仲間の昇格	仲間4人を昇格させる	2	2	3	4	6	0	12000	10	0	[]
30003	M10002	仲間の昇格	仲間5人を昇格させる	3	2	3	5	6	0	12000	10	0	[]
30004	M10002	仲間の昇格	仲間6人を昇格させる	4	2	3	6	6	0	12000	10	0	[]
30005	M10002	仲間の昇格	仲間7人を昇格させる	5	2	3	7	6	0	12000	10	0	[]
30006	M10002	仲間の昇格	仲間8人を昇格させる	6	2	3	8	6	0	12000	10	0	[]
30007	M10002	仲間の昇格	仲間9人を昇格させる	7	2	3	9	6	0	12000	10	0	[]
30008	M10002	仲間の昇格	仲間10人を昇格させる	8	2	3	10	6	0	12000	10	0	"[[10013,1]]"
30009	M10002	仲間の昇格	仲間11人を昇格させる	9	2	3	11	6	0	12000	30	0	[]
30010	M10002	仲間の昇格	仲間12人を昇格させる	10	2	3	12	6	0	12000	30	0	[]
30011	M10002	仲間の昇格	仲間13人を昇格させる	11	2	3	13	6	0	12000	30	0	[]
30012	M10002	仲間の昇格	仲間14人を昇格させる	12	2	3	14	6	0	12000	30	0	[]
30013	M10002	仲間の昇格	仲間15人を昇格させる	13	2	3	15	6	0	12000	30	0	[]
30014	M10002	仲間の昇格	仲間16人を昇格させる	14	2	3	16	6	0	12000	30	0	[]
30015	M10002	仲間の昇格	仲間17人を昇格させる	15	2	3	17	6	0	12000	30	0	[]
30016	M10002	仲間の昇格	仲間18人を昇格させる	16	2	3	18	6	0	12000	30	0	[]
30017	M10002	仲間の昇格	仲間19人を昇格させる	17	2	3	19	6	0	12000	30	0	[]
30018	M10002	仲間の昇格	仲間20人を昇格させる	18	2	3	20	6	0	12000	30	0	"[[10013,1]]"
30019	M10002	仲間の昇格	仲間21人を昇格させる	19	2	3	21	6	0	12000	30	0	[]
30020	M10002	仲間の昇格	仲間22人を昇格させる	20	2	3	22	6	0	12000	30	0	[]
30021	M10002	仲間の昇格	仲間23人を昇格させる	21	2	3	23	6	0	12000	30	0	[]
30022	M10002	仲間の昇格	仲間24人を昇格させる	22	2	3	24	6	0	12000	30	0	[]
30023	M10002	仲間の昇格	仲間25人を昇格させる	23	2	3	25	6	0	12000	30	0	[]
30024	M10002	仲間の昇格	仲間26人を昇格させる	24	2	3	26	6	0	12000	30	0	[]
30025	M10002	仲間の昇格	仲間27人を昇格させる	25	2	3	27	6	0	12000	30	0	[]
30026	M10002	仲間の昇格	仲間28人を昇格させる	26	2	3	28	6	0	12000	30	0	[]
30027	M10002	仲間の昇格	仲間29人を昇格させる	27	2	3	29	6	0	12000	30	0	[]
30028	M10002	仲間の昇格	仲間30人を昇格させる	28	2	3	30	6	0	12000	30	0	"[[10013,1]]"
30029	M10002	仲間の昇格	仲間31人を昇格させる	29	2	3	31	6	0	12000	30	0	[]
30030	M10002	仲間の昇格	仲間32人を昇格させる	30	2	3	32	6	0	12000	30	0	[]
30031	M10002	仲間の昇格	仲間33人を昇格させる	31	2	3	33	6	0	12000	30	0	[]
30032	M10002	仲間の昇格	仲間34人を昇格させる	32	2	3	34	6	0	12000	30	0	[]
30033	M10002	仲間の昇格	仲間35人を昇格させる	33	2	3	35	6	0	12000	30	0	[]
30034	M10002	仲間の昇格	仲間36人を昇格させる	34	2	3	36	6	0	12000	30	0	[]
30035	M10002	仲間の昇格	仲間37人を昇格させる	35	2	3	37	6	0	12000	30	0	[]
30036	M10002	仲間の昇格	仲間38人を昇格させる	36	2	3	38	6	0	12000	30	0	[]
30037	M10002	仲間の昇格	仲間39人を昇格させる	37	2	3	39	6	0	12000	30	0	[]
30038	M10002	仲間の昇格	仲間40人を昇格させる	38	2	3	40	6	0	12000	30	0	"[[10013,1]]"
30039	M10002	仲間の昇格	仲間41人を昇格させる	39	2	3	41	6	0	12000	30	0	[]
30040	M10002	仲間の昇格	仲間42人を昇格させる	40	2	3	42	6	0	12000	30	0	[]
30041	M10002	仲間の昇格	仲間43人を昇格させる	41	2	3	43	6	0	12000	30	0	[]
30042	M10002	仲間の昇格	仲間44人を昇格させる	42	2	3	44	6	0	12000	30	0	[]
30043	M10002	仲間の昇格	仲間45人を昇格させる	43	2	3	45	6	0	12000	30	0	[]
30044	M10002	仲間の昇格	仲間46人を昇格させる	44	2	3	46	6	0	12000	30	0	[]
30045	M10002	仲間の昇格	仲間47人を昇格させる	45	2	3	47	6	0	12000	30	0	[]
30046	M10002	仲間の昇格	仲間48人を昇格させる	46	2	3	48	6	0	12000	30	0	[]
30047	M10002	仲間の昇格	仲間49人を昇格させる	47	2	3	49	6	0	12000	30	0	[]
30048	M10002	仲間の昇格	仲間50人を昇格させる	48	2	3	50	6	0	12000	30	0	"[[10013,1]]"
30049	M10002	仲間の昇格	仲間51人を昇格させる	49	2	3	51	6	0	12000	30	0	[]
30050	M10002	仲間の昇格	仲間52人を昇格させる	50	2	3	52	6	0	12000	30	0	[]
30051	M10002	仲間の昇格	仲間53人を昇格させる	51	2	3	53	6	0	12000	30	0	[]
30052	M10002	仲間の昇格	仲間54人を昇格させる	52	2	3	54	6	0	12000	30	0	[]
30053	M10002	仲間の昇格	仲間55人を昇格させる	53	2	3	55	6	0	12000	30	0	[]
30054	M10002	仲間の昇格	仲間56人を昇格させる	54	2	3	56	6	0	12000	30	0	[]
30055	M10002	仲間の昇格	仲間57人を昇格させる	55	2	3	57	6	0	12000	30	0	[]
30056	M10002	仲間の昇格	仲間58人を昇格させる	56	2	3	58	6	0	12000	30	0	[]
30057	M10002	仲間の昇格	仲間59人を昇格させる	57	2	3	59	6	0	12000	30	0	[]
30058	M10002	仲間の昇格	仲間60人を昇格させる	58	2	3	60	6	0	12000	30	0	"[[10013,1]]"
30059	M10002	仲間の昇格	仲間61人を昇格させる	59	2	3	61	6	0	12000	30	0	[]
30060	M10002	仲間の昇格	仲間62人を昇格させる	60	2	3	62	6	0	12000	30	0	[]
30061	M10002	仲間の昇格	仲間63人を昇格させる	61	2	3	63	6	0	12000	30	0	[]
30062	M10002	仲間の昇格	仲間64人を昇格させる	62	2	3	64	6	0	12000	30	0	[]
30063	M10002	仲間の昇格	仲間65人を昇格させる	63	2	3	65	6	0	12000	30	0	[]
30064	M10002	仲間の昇格	仲間66人を昇格させる	64	2	3	66	6	0	12000	30	0	[]
30065	M10002	仲間の昇格	仲間67人を昇格させる	65	2	3	67	6	0	12000	30	0	[]
30066	M10002	仲間の昇格	仲間68人を昇格させる	66	2	3	68	6	0	12000	30	0	[]
30067	M10002	仲間の昇格	仲間69人を昇格させる	67	2	3	69	6	0	12000	30	0	[]
30068	M10002	仲間の昇格	仲間70人を昇格させる	68	2	3	70	6	0	12000	30	0	"[[10013,1]]"
30069	M10002	仲間の昇格	仲間71人を昇格させる	69	2	3	71	6	0	12000	30	0	[]
30070	M10002	仲間の昇格	仲間72人を昇格させる	70	2	3	72	6	0	12000	30	0	[]
30071	M10002	仲間の昇格	仲間73人を昇格させる	71	2	3	73	6	0	12000	30	0	[]
30072	M10002	仲間の昇格	仲間74人を昇格させる	72	2	3	74	6	0	12000	30	0	[]
30073	M10002	仲間の昇格	仲間75人を昇格させる	73	2	3	75	6	0	12000	30	0	[]
30074	M10002	仲間の昇格	仲間76人を昇格させる	74	2	3	76	6	0	12000	30	0	[]
30075	M10002	仲間の昇格	仲間77人を昇格させる	75	2	3	77	6	0	12000	30	0	[]
30076	M10002	仲間の昇格	仲間78人を昇格させる	76	2	3	78	6	0	12000	30	0	[]
30077	M10002	仲間の昇格	仲間79人を昇格させる	77	2	3	79	6	0	12000	30	0	[]
30078	M10002	仲間の昇格	仲間80人を昇格させる	78	2	3	80	6	0	12000	30	0	"[[10013,1]]"
30079	M10002	仲間の昇格	仲間81人を昇格させる	79	2	3	81	6	0	12000	30	0	[]
30080	M10002	仲間の昇格	仲間82人を昇格させる	80	2	3	82	6	0	12000	30	0	[]
30081	M10002	仲間の昇格	仲間83人を昇格させる	81	2	3	83	6	0	12000	30	0	[]
30082	M10002	仲間の昇格	仲間84人を昇格させる	82	2	3	84	6	0	12000	30	0	[]
30083	M10002	仲間の昇格	仲間85人を昇格させる	83	2	3	85	6	0	12000	30	0	[]
30084	M10002	仲間の昇格	仲間86人を昇格させる	84	2	3	86	6	0	12000	30	0	[]
30085	M10002	仲間の昇格	仲間87人を昇格させる	85	2	3	87	6	0	12000	30	0	[]
30086	M10002	仲間の昇格	仲間88人を昇格させる	86	2	3	88	6	0	12000	30	0	[]
30087	M10002	仲間の昇格	仲間89人を昇格させる	87	2	3	89	6	0	12000	30	0	[]
30088	M10002	仲間の昇格	仲間90人を昇格させる	88	2	3	90	6	0	12000	30	0	"[[10013,1]]"
30089	M10002	仲間の昇格	仲間91人を昇格させる	89	2	3	91	6	0	12000	30	0	[]
30090	M10002	仲間の昇格	仲間92人を昇格させる	90	2	3	92	6	0	12000	30	0	[]
30091	M10002	仲間の昇格	仲間93人を昇格させる	91	2	3	93	6	0	12000	30	0	[]
30092	M10002	仲間の昇格	仲間94人を昇格させる	92	2	3	94	6	0	12000	30	0	[]
30093	M10002	仲間の昇格	仲間95人を昇格させる	93	2	3	95	6	0	12000	30	0	[]
30094	M10002	仲間の昇格	仲間96人を昇格させる	94	2	3	96	6	0	12000	30	0	[]
30095	M10002	仲間の昇格	仲間97人を昇格させる	95	2	3	97	6	0	12000	30	0	[]
30096	M10002	仲間の昇格	仲間98人を昇格させる	96	2	3	98	6	0	12000	30	0	[]
30097	M10002	仲間の昇格	仲間99人を昇格させる	97	2	3	99	6	0	12000	30	0	[]
30098	M10002	仲間の昇格	仲間100人を昇格させる	98	2	3	100	6	0	12000	30	0	"[[10013,1]]"
30099	M10002	仲間の昇格	仲間101人を昇格させる	99	2	3	101	6	0	12000	30	0	[]
30100	M10002	仲間の昇格	仲間102人を昇格させる	100	2	3	102	6	0	12000	30	0	[]
30101	M10002	仲間の昇格	仲間103人を昇格させる	101	2	3	103	6	0	12000	30	0	[]
30102	M10002	仲間の昇格	仲間104人を昇格させる	102	2	3	104	6	0	12000	30	0	[]
30103	M10002	仲間の昇格	仲間105人を昇格させる	103	2	3	105	6	0	12000	30	0	[]
30104	M10002	仲間の昇格	仲間106人を昇格させる	104	2	3	106	6	0	12000	30	0	[]
30105	M10002	仲間の昇格	仲間107人を昇格させる	105	2	3	107	6	0	12000	30	0	[]
30106	M10002	仲間の昇格	仲間108人を昇格させる	106	2	3	108	6	0	12000	30	0	[]
30107	M10002	仲間の昇格	仲間109人を昇格させる	107	2	3	109	6	0	12000	30	0	[]
30108	M10002	仲間の昇格	仲間110人を昇格させる	108	2	3	110	6	0	12000	30	0	"[[10013,1]]"
30109	M10002	仲間の昇格	仲間111人を昇格させる	109	2	3	111	6	0	12000	30	0	[]
30110	M10002	仲間の昇格	仲間112人を昇格させる	110	2	3	112	6	0	12000	30	0	[]
30111	M10002	仲間の昇格	仲間113人を昇格させる	111	2	3	113	6	0	12000	30	0	[]
30112	M10002	仲間の昇格	仲間114人を昇格させる	112	2	3	114	6	0	12000	30	0	[]
30113	M10002	仲間の昇格	仲間115人を昇格させる	113	2	3	115	6	0	12000	30	0	[]
30114	M10002	仲間の昇格	仲間116人を昇格させる	114	2	3	116	6	0	12000	30	0	[]
30115	M10002	仲間の昇格	仲間117人を昇格させる	115	2	3	117	6	0	12000	30	0	[]
30116	M10002	仲間の昇格	仲間118人を昇格させる	116	2	3	118	6	0	12000	30	0	[]
30117	M10002	仲間の昇格	仲間119人を昇格させる	117	2	3	119	6	0	12000	30	0	[]
30118	M10002	仲間の昇格	仲間120人を昇格させる	118	2	3	120	6	0	12000	30	0	"[[10013,1]]"
30119	M10002	仲間の昇格	仲間121人を昇格させる	119	2	3	121	6	0	12000	30	0	[]
30120	M10002	仲間の昇格	仲間122人を昇格させる	120	2	3	122	6	0	12000	30	0	[]
30121	M10002	仲間の昇格	仲間123人を昇格させる	121	2	3	123	6	0	12000	30	0	[]
30122	M10002	仲間の昇格	仲間124人を昇格させる	122	2	3	124	6	0	12000	30	0	[]
30123	M10002	仲間の昇格	仲間125人を昇格させる	123	2	3	125	6	0	12000	30	0	[]
30124	M10002	仲間の昇格	仲間126人を昇格させる	124	2	3	126	6	0	12000	30	0	[]
30125	M10002	仲間の昇格	仲間127人を昇格させる	125	2	3	127	6	0	12000	30	0	[]
30126	M10002	仲間の昇格	仲間128人を昇格させる	126	2	3	128	6	0	12000	30	0	[]
30127	M10002	仲間の昇格	仲間129人を昇格させる	127	2	3	129	6	0	12000	30	0	[]
30128	M10002	仲間の昇格	仲間130人を昇格させる	128	2	3	130	6	0	12000	30	0	"[[10013,1]]"
30129	M10002	仲間の昇格	仲間131人を昇格させる	129	2	3	131	6	0	12000	30	0	[]
30130	M10002	仲間の昇格	仲間132人を昇格させる	130	2	3	132	6	0	12000	30	0	[]
30131	M10002	仲間の昇格	仲間133人を昇格させる	131	2	3	133	6	0	12000	30	0	[]
30132	M10002	仲間の昇格	仲間134人を昇格させる	132	2	3	134	6	0	12000	30	0	[]
30133	M10002	仲間の昇格	仲間135人を昇格させる	133	2	3	135	6	0	12000	30	0	[]
30134	M10002	仲間の昇格	仲間136人を昇格させる	134	2	3	136	6	0	12000	30	0	[]
30135	M10002	仲間の昇格	仲間137人を昇格させる	135	2	3	137	6	0	12000	30	0	[]
30136	M10002	仲間の昇格	仲間138人を昇格させる	136	2	3	138	6	0	12000	30	0	[]
30137	M10002	仲間の昇格	仲間139人を昇格させる	137	2	3	139	6	0	12000	30	0	[]
30138	M10002	仲間の昇格	仲間140人を昇格させる	138	2	3	140	6	0	12000	30	0	"[[10013,1]]"
30139	M10002	仲間の昇格	仲間141人を昇格させる	139	2	3	141	6	0	12000	30	0	[]
30140	M10002	仲間の昇格	仲間142人を昇格させる	140	2	3	142	6	0	12000	30	0	[]
30141	M10002	仲間の昇格	仲間143人を昇格させる	141	2	3	143	6	0	12000	30	0	[]
30142	M10002	仲間の昇格	仲間144人を昇格させる	142	2	3	144	6	0	12000	30	0	[]
30143	M10002	仲間の昇格	仲間145人を昇格させる	143	2	3	145	6	0	12000	30	0	[]
30144	M10002	仲間の昇格	仲間146人を昇格させる	144	2	3	146	6	0	12000	30	0	[]
30145	M10002	仲間の昇格	仲間147人を昇格させる	145	2	3	147	6	0	12000	30	0	[]
30146	M10002	仲間の昇格	仲間148人を昇格させる	146	2	3	148	6	0	12000	30	0	[]
30147	M10002	仲間の昇格	仲間149人を昇格させる	147	2	3	149	6	0	12000	30	0	[]
30148	M10002	仲間の昇格	仲間150人を昇格させる	148	2	3	150	6	0	12000	30	0	"[[10013,1]]"
30149	M10002	仲間の昇格	仲間151人を昇格させる	149	2	3	151	6	0	12000	30	0	[]
30150	M10002	仲間の昇格	仲間152人を昇格させる	150	2	3	152	6	0	12000	30	0	[]
30151	M10002	仲間の昇格	仲間153人を昇格させる	151	2	3	153	6	0	12000	30	0	[]
30152	M10002	仲間の昇格	仲間154人を昇格させる	152	2	3	154	6	0	12000	30	0	[]
30153	M10002	仲間の昇格	仲間155人を昇格させる	153	2	3	155	6	0	12000	30	0	[]
30154	M10002	仲間の昇格	仲間156人を昇格させる	154	2	3	156	6	0	12000	30	0	[]
30155	M10002	仲間の昇格	仲間157人を昇格させる	155	2	3	157	6	0	12000	30	0	[]
30156	M10002	仲間の昇格	仲間158人を昇格させる	156	2	3	158	6	0	12000	30	0	[]
30157	M10002	仲間の昇格	仲間159人を昇格させる	157	2	3	159	6	0	12000	30	0	[]
30158	M10002	仲間の昇格	仲間160人を昇格させる	158	2	3	160	6	0	12000	30	0	"[[10013,1]]"
30159	M10002	仲間の昇格	仲間161人を昇格させる	159	2	3	161	6	0	12000	30	0	[]
30160	M10002	仲間の昇格	仲間162人を昇格させる	160	2	3	162	6	0	12000	30	0	[]
30161	M10002	仲間の昇格	仲間163人を昇格させる	161	2	3	163	6	0	12000	30	0	[]
30162	M10002	仲間の昇格	仲間164人を昇格させる	162	2	3	164	6	0	12000	30	0	[]
30163	M10002	仲間の昇格	仲間165人を昇格させる	163	2	3	165	6	0	12000	30	0	[]
30164	M10002	仲間の昇格	仲間166人を昇格させる	164	2	3	166	6	0	12000	30	0	[]
30165	M10002	仲間の昇格	仲間167人を昇格させる	165	2	3	167	6	0	12000	30	0	[]
30166	M10002	仲間の昇格	仲間168人を昇格させる	166	2	3	168	6	0	12000	30	0	[]
30167	M10002	仲間の昇格	仲間169人を昇格させる	167	2	3	169	6	0	12000	30	0	[]
30168	M10002	仲間の昇格	仲間170人を昇格させる	168	2	3	170	6	0	12000	30	0	"[[10013,1]]"
30169	M10002	仲間の昇格	仲間171人を昇格させる	169	2	3	171	6	0	12000	30	0	[]
30170	M10002	仲間の昇格	仲間172人を昇格させる	170	2	3	172	6	0	12000	30	0	[]
30171	M10002	仲間の昇格	仲間173人を昇格させる	171	2	3	173	6	0	12000	30	0	[]
30172	M10002	仲間の昇格	仲間174人を昇格させる	172	2	3	174	6	0	12000	30	0	[]
30173	M10002	仲間の昇格	仲間175人を昇格させる	173	2	3	175	6	0	12000	30	0	[]
30174	M10002	仲間の昇格	仲間176人を昇格させる	174	2	3	176	6	0	12000	30	0	[]
30175	M10002	仲間の昇格	仲間177人を昇格させる	175	2	3	177	6	0	12000	30	0	[]
30176	M10002	仲間の昇格	仲間178人を昇格させる	176	2	3	178	6	0	12000	30	0	[]
30177	M10002	仲間の昇格	仲間179人を昇格させる	177	2	3	179	6	0	12000	30	0	[]
30178	M10002	仲間の昇格	仲間180人を昇格させる	178	2	3	180	6	0	12000	30	0	"[[10013,1]]"
30179	M10002	仲間の昇格	仲間181人を昇格させる	179	2	3	181	6	0	12000	30	0	[]
30180	M10002	仲間の昇格	仲間182人を昇格させる	180	2	3	182	6	0	12000	30	0	[]
30181	M10002	仲間の昇格	仲間183人を昇格させる	181	2	3	183	6	0	12000	30	0	[]
30182	M10002	仲間の昇格	仲間184人を昇格させる	182	2	3	184	6	0	12000	30	0	[]
30183	M10002	仲間の昇格	仲間185人を昇格させる	183	2	3	185	6	0	12000	30	0	[]
30184	M10002	仲間の昇格	仲間186人を昇格させる	184	2	3	186	6	0	12000	30	0	[]
30185	M10002	仲間の昇格	仲間187人を昇格させる	185	2	3	187	6	0	12000	30	0	[]
30186	M10002	仲間の昇格	仲間188人を昇格させる	186	2	3	188	6	0	12000	30	0	[]
30187	M10002	仲間の昇格	仲間189人を昇格させる	187	2	3	189	6	0	12000	30	0	[]
30188	M10002	仲間の昇格	仲間190人を昇格させる	188	2	3	190	6	0	12000	30	0	"[[10013,1]]"
30189	M10002	仲間の昇格	仲間191人を昇格させる	189	2	3	191	6	0	12000	30	0	[]
30190	M10002	仲間の昇格	仲間192人を昇格させる	190	2	3	192	6	0	12000	30	0	[]
30191	M10002	仲間の昇格	仲間193人を昇格させる	191	2	3	193	6	0	12000	30	0	[]
30192	M10002	仲間の昇格	仲間194人を昇格させる	192	2	3	194	6	0	12000	30	0	[]
30193	M10002	仲間の昇格	仲間195人を昇格させる	193	2	3	195	6	0	12000	30	0	[]
30194	M10002	仲間の昇格	仲間196人を昇格させる	194	2	3	196	6	0	12000	30	0	[]
30195	M10002	仲間の昇格	仲間197人を昇格させる	195	2	3	197	6	0	12000	30	0	[]
30196	M10002	仲間の昇格	仲間198人を昇格させる	196	2	3	198	6	0	12000	30	0	[]
30197	M10002	仲間の昇格	仲間199人を昇格させる	197	2	3	199	6	0	12000	30	0	[]
30198	M10002	仲間の昇格	仲間200人を昇格させる	198	2	3	200	6	0	12000	30	0	"[[10013,1]]"
30199	M10002	仲間の昇格	仲間201人を昇格させる	199	2	3	201	6	0	12000	30	0	[]
30200	M10002	仲間の昇格	仲間202人を昇格させる	200	2	3	202	6	0	12000	30	0	[]
30201	M10002	仲間の昇格	仲間203人を昇格させる	201	2	3	203	6	0	12000	30	0	[]
30202	M10002	仲間の昇格	仲間204人を昇格させる	202	2	3	204	6	0	12000	30	0	[]
30203	M10002	仲間の昇格	仲間205人を昇格させる	203	2	3	205	6	0	12000	30	0	[]
30204	M10002	仲間の昇格	仲間206人を昇格させる	204	2	3	206	6	0	12000	30	0	[]
30205	M10002	仲間の昇格	仲間207人を昇格させる	205	2	3	207	6	0	12000	30	0	[]
30206	M10002	仲間の昇格	仲間208人を昇格させる	206	2	3	208	6	0	12000	30	0	[]
30207	M10002	仲間の昇格	仲間209人を昇格させる	207	2	3	209	6	0	12000	30	0	[]
30208	M10002	仲間の昇格	仲間210人を昇格させる	208	2	3	210	6	0	12000	30	0	"[[10013,1]]"
30209	M10002	仲間の昇格	仲間211人を昇格させる	209	2	3	211	6	0	12000	30	0	[]
30210	M10002	仲間の昇格	仲間212人を昇格させる	210	2	3	212	6	0	12000	30	0	[]
30211	M10002	仲間の昇格	仲間213人を昇格させる	211	2	3	213	6	0	12000	30	0	[]
30212	M10002	仲間の昇格	仲間214人を昇格させる	212	2	3	214	6	0	12000	30	0	[]
30213	M10002	仲間の昇格	仲間215人を昇格させる	213	2	3	215	6	0	12000	30	0	[]
30214	M10002	仲間の昇格	仲間216人を昇格させる	214	2	3	216	6	0	12000	30	0	[]
30215	M10002	仲間の昇格	仲間217人を昇格させる	215	2	3	217	6	0	12000	30	0	[]
30216	M10002	仲間の昇格	仲間218人を昇格させる	216	2	3	218	6	0	12000	30	0	[]
30217	M10002	仲間の昇格	仲間219人を昇格させる	217	2	3	219	6	0	12000	30	0	[]
30218	M10002	仲間の昇格	仲間220人を昇格させる	218	2	3	220	6	0	12000	30	0	"[[10013,1]]"
30219	M10002	仲間の昇格	仲間221人を昇格させる	219	2	3	221	6	0	12000	30	0	[]
30220	M10002	仲間の昇格	仲間222人を昇格させる	220	2	3	222	6	0	12000	30	0	[]
30221	M10002	仲間の昇格	仲間223人を昇格させる	221	2	3	223	6	0	12000	30	0	[]
30222	M10002	仲間の昇格	仲間224人を昇格させる	222	2	3	224	6	0	12000	30	0	[]
30223	M10002	仲間の昇格	仲間225人を昇格させる	223	2	3	225	6	0	12000	30	0	[]
30224	M10002	仲間の昇格	仲間226人を昇格させる	224	2	3	226	6	0	12000	30	0	[]
30225	M10002	仲間の昇格	仲間227人を昇格させる	225	2	3	227	6	0	12000	30	0	[]
30226	M10002	仲間の昇格	仲間228人を昇格させる	226	2	3	228	6	0	12000	30	0	[]
30227	M10002	仲間の昇格	仲間229人を昇格させる	227	2	3	229	6	0	12000	30	0	[]
30228	M10002	仲間の昇格	仲間230人を昇格させる	228	2	3	230	6	0	12000	30	0	"[[10013,1]]"
30229	M10002	仲間の昇格	仲間231人を昇格させる	229	2	3	231	6	0	12000	30	0	[]
30230	M10002	仲間の昇格	仲間232人を昇格させる	230	2	3	232	6	0	12000	30	0	[]
30231	M10002	仲間の昇格	仲間233人を昇格させる	231	2	3	233	6	0	12000	30	0	[]
30232	M10002	仲間の昇格	仲間234人を昇格させる	232	2	3	234	6	0	12000	30	0	[]
30233	M10002	仲間の昇格	仲間235人を昇格させる	233	2	3	235	6	0	12000	30	0	[]
30234	M10002	仲間の昇格	仲間236人を昇格させる	234	2	3	236	6	0	12000	30	0	[]
30235	M10002	仲間の昇格	仲間237人を昇格させる	235	2	3	237	6	0	12000	30	0	[]
30236	M10002	仲間の昇格	仲間238人を昇格させる	236	2	3	238	6	0	12000	30	0	[]
30237	M10002	仲間の昇格	仲間239人を昇格させる	237	2	3	239	6	0	12000	30	0	[]
30238	M10002	仲間の昇格	仲間240人を昇格させる	238	2	3	240	6	0	12000	30	0	"[[10013,1]]"
30239	M10002	仲間の昇格	仲間241人を昇格させる	239	2	3	241	6	0	12000	30	0	[]
30240	M10002	仲間の昇格	仲間242人を昇格させる	240	2	3	242	6	0	12000	30	0	[]
30241	M10002	仲間の昇格	仲間243人を昇格させる	241	2	3	243	6	0	12000	30	0	[]
30242	M10002	仲間の昇格	仲間244人を昇格させる	242	2	3	244	6	0	12000	30	0	[]
30243	M10002	仲間の昇格	仲間245人を昇格させる	243	2	3	245	6	0	12000	30	0	[]
30244	M10002	仲間の昇格	仲間246人を昇格させる	244	2	3	246	6	0	12000	30	0	[]
30245	M10002	仲間の昇格	仲間247人を昇格させる	245	2	3	247	6	0	12000	30	0	[]
30246	M10002	仲間の昇格	仲間248人を昇格させる	246	2	3	248	6	0	12000	30	0	[]
30247	M10002	仲間の昇格	仲間249人を昇格させる	247	2	3	249	6	0	12000	30	0	[]
30248	M10002	仲間の昇格	仲間250人を昇格させる	248	2	3	250	6	0	12000	30	0	"[[10013,1]]"
30249	M10002	仲間の昇格	仲間251人を昇格させる	249	2	3	251	6	0	12000	30	0	[]
30250	M10002	仲間の昇格	仲間252人を昇格させる	250	2	3	252	6	0	12000	30	0	[]
30251	M10002	仲間の昇格	仲間253人を昇格させる	251	2	3	253	6	0	12000	30	0	[]
30252	M10002	仲間の昇格	仲間254人を昇格させる	252	2	3	254	6	0	12000	30	0	[]
30253	M10002	仲間の昇格	仲間255人を昇格させる	253	2	3	255	6	0	12000	30	0	[]
50001	M10003	親密度UP	3回親密度をUP	1	2	5	3	6	0	0	25	0	[]
50002	M10003	親密度UP	4回親密度をUP	2	2	5	4	6	0	0	25	0	[]
50003	M10003	親密度UP	5回親密度をUP	3	2	5	5	6	0	0	25	0	[]
50004	M10003	親密度UP	6回親密度をUP	4	2	5	6	6	0	0	25	0	[]
50005	M10003	親密度UP	7回親密度をUP	5	2	5	7	6	0	0	25	0	[]
50006	M10003	親密度UP	8回親密度をUP	6	2	5	8	6	0	0	25	0	[]
50007	M10003	親密度UP	9回親密度をUP	7	2	5	9	6	0	0	25	0	[]
50008	M10003	親密度UP	10回親密度をUP	8	2	5	10	6	0	0	25	0	[]
50009	M10003	親密度UP	11回親密度をUP	9	2	5	11	6	0	0	25	0	[]
50010	M10003	親密度UP	12回親密度をUP	10	2	5	12	6	0	0	25	0	[]
50011	M10003	親密度UP	13回親密度をUP	11	2	5	13	6	0	0	25	0	[]
50012	M10003	親密度UP	14回親密度をUP	12	2	5	14	6	0	0	25	0	[]
50013	M10003	親密度UP	15回親密度をUP	13	2	5	15	6	0	0	25	0	[]
50014	M10003	親密度UP	16回親密度をUP	14	2	5	16	6	0	0	25	0	[]
50015	M10003	親密度UP	17回親密度をUP	15	2	5	17	6	0	0	25	0	[]
50016	M10003	親密度UP	18回親密度をUP	16	2	5	18	6	0	0	25	0	[]
50017	M10003	親密度UP	19回親密度をUP	17	2	5	19	6	0	0	25	0	[]
50018	M10003	親密度UP	20回親密度をUP	18	2	5	20	6	0	0	25	0	[]
50019	M10003	親密度UP	21回親密度をUP	19	2	5	21	6	0	0	25	0	[]
50020	M10003	親密度UP	22回親密度をUP	20	2	5	22	6	0	0	25	0	[]
50021	M10003	親密度UP	23回親密度をUP	21	2	5	23	6	0	0	25	0	[]
50022	M10003	親密度UP	24回親密度をUP	22	2	5	24	6	0	0	25	0	[]
50023	M10003	親密度UP	25回親密度をUP	23	2	5	25	6	0	0	25	0	[]
50024	M10003	親密度UP	26回親密度をUP	24	2	5	26	6	0	0	25	0	[]
50025	M10003	親密度UP	27回親密度をUP	25	2	5	27	6	0	0	25	0	[]
50026	M10003	親密度UP	28回親密度をUP	26	2	5	28	6	0	0	25	0	[]
50027	M10003	親密度UP	29回親密度をUP	27	2	5	29	6	0	0	25	0	[]
50028	M10003	親密度UP	30回親密度をUP	28	2	5	30	6	0	0	25	0	[]
50029	M10003	親密度UP	31回親密度をUP	29	2	5	31	6	0	0	30	0	[]
50030	M10003	親密度UP	32回親密度をUP	30	2	5	32	6	0	0	40	0	[]
50031	M10003	親密度UP	33回親密度をUP	31	2	5	33	6	0	0	30	0	[]
50032	M10003	親密度UP	34回親密度をUP	32	2	5	34	6	0	0	30	0	[]
50033	M10003	親密度UP	35回親密度をUP	33	2	5	35	6	0	0	30	0	[]
50034	M10003	親密度UP	36回親密度をUP	34	2	5	36	6	0	0	40	0	[]
50035	M10003	親密度UP	37回親密度をUP	35	2	5	37	6	0	0	30	0	[]
50036	M10003	親密度UP	38回親密度をUP	36	2	5	38	6	0	0	30	0	[]
50037	M10003	親密度UP	39回親密度をUP	37	2	5	39	6	0	0	30	0	[]
50038	M10003	親密度UP	40回親密度をUP	38	2	5	40	6	0	0	40	0	[]
50039	M10003	親密度UP	41回親密度をUP	39	2	5	41	6	0	0	30	0	[]
50040	M10003	親密度UP	42回親密度をUP	40	2	5	42	6	0	0	30	0	[]
50041	M10003	親密度UP	43回親密度をUP	41	2	5	43	6	0	0	30	0	[]
50042	M10003	親密度UP	44回親密度をUP	42	2	5	44	6	0	0	40	0	[]
50043	M10003	親密度UP	45回親密度をUP	43	2	5	45	6	0	0	30	0	[]
50044	M10003	親密度UP	46回親密度をUP	44	2	5	46	6	0	0	30	0	[]
50045	M10003	親密度UP	47回親密度をUP	45	2	5	47	6	0	0	30	0	[]
50046	M10003	親密度UP	48回親密度をUP	46	2	5	48	6	0	0	40	0	[]
50047	M10003	親密度UP	49回親密度をUP	47	2	5	49	6	0	0	30	0	[]
50048	M10003	親密度UP	50回親密度をUP	48	2	5	50	6	0	0	30	0	[]
50049	M10003	親密度UP	51回親密度をUP	49	2	5	51	6	0	0	30	0	[]
50050	M10003	親密度UP	52回親密度をUP	50	2	5	52	6	0	0	40	0	[]
50051	M10003	親密度UP	53回親密度をUP	51	2	5	53	6	0	0	30	0	[]
50052	M10003	親密度UP	54回親密度をUP	52	2	5	54	6	0	0	30	0	[]
50053	M10003	親密度UP	55回親密度をUP	53	2	5	55	6	0	0	30	0	[]
50054	M10003	親密度UP	56回親密度をUP	54	2	5	56	6	0	0	40	0	[]
50055	M10003	親密度UP	57回親密度をUP	55	2	5	57	6	0	0	30	0	[]
50056	M10003	親密度UP	58回親密度をUP	56	2	5	58	6	0	0	30	0	[]
50057	M10003	親密度UP	59回親密度をUP	57	2	5	59	6	0	0	30	0	[]
50058	M10003	親密度UP	60回親密度をUP	58	2	5	60	6	0	0	40	0	[]
50059	M10003	親密度UP	61回親密度をUP	59	2	5	61	6	0	0	30	0	[]
50060	M10003	親密度UP	62回親密度をUP	60	2	5	62	6	0	0	30	0	[]
50061	M10003	親密度UP	63回親密度をUP	61	2	5	63	6	0	0	30	0	[]
50062	M10003	親密度UP	64回親密度をUP	62	2	5	64	6	0	0	40	0	[]
50063	M10003	親密度UP	65回親密度をUP	63	2	5	65	6	0	0	30	0	[]
50064	M10003	親密度UP	66回親密度をUP	64	2	5	66	6	0	0	30	0	[]
50065	M10003	親密度UP	67回親密度をUP	65	2	5	67	6	0	0	30	0	[]
50066	M10003	親密度UP	68回親密度をUP	66	2	5	68	6	0	0	40	0	[]
50067	M10003	親密度UP	69回親密度をUP	67	2	5	69	6	0	0	30	0	[]
50068	M10003	親密度UP	70回親密度をUP	68	2	5	70	6	0	0	30	0	[]
50069	M10003	親密度UP	71回親密度をUP	69	2	5	71	6	0	0	30	0	[]
50070	M10003	親密度UP	72回親密度をUP	70	2	5	72	6	0	0	40	0	[]
50071	M10003	親密度UP	73回親密度をUP	71	2	5	73	6	0	0	30	0	[]
50072	M10003	親密度UP	74回親密度をUP	72	2	5	74	6	0	0	30	0	[]
50073	M10003	親密度UP	75回親密度をUP	73	2	5	75	6	0	0	30	0	[]
50074	M10003	親密度UP	76回親密度をUP	74	2	5	76	6	0	0	40	0	[]
50075	M10003	親密度UP	77回親密度をUP	75	2	5	77	6	0	0	30	0	[]
50076	M10003	親密度UP	78回親密度をUP	76	2	5	78	6	0	0	30	0	[]
50077	M10003	親密度UP	79回親密度をUP	77	2	5	79	6	0	0	30	0	[]
50078	M10003	親密度UP	80回親密度をUP	78	2	5	80	6	0	0	40	0	[]
50079	M10003	親密度UP	81回親密度をUP	79	2	5	81	6	0	0	30	0	[]
50080	M10003	親密度UP	82回親密度をUP	80	2	5	82	6	0	0	30	0	[]
50081	M10003	親密度UP	83回親密度をUP	81	2	5	83	6	0	0	30	0	[]
50082	M10003	親密度UP	84回親密度をUP	82	2	5	84	6	0	0	40	0	[]
50083	M10003	親密度UP	85回親密度をUP	83	2	5	85	6	0	0	30	0	[]
50084	M10003	親密度UP	86回親密度をUP	84	2	5	86	6	0	0	30	0	[]
50085	M10003	親密度UP	87回親密度をUP	85	2	5	87	6	0	0	30	0	[]
50086	M10003	親密度UP	88回親密度をUP	86	2	5	88	6	0	0	40	0	[]
50087	M10003	親密度UP	89回親密度をUP	87	2	5	89	6	0	0	30	0	[]
50088	M10003	親密度UP	90回親密度をUP	88	2	5	90	6	0	0	30	0	[]
50089	M10003	親密度UP	91回親密度をUP	89	2	5	91	6	0	0	30	0	[]
50090	M10003	親密度UP	92回親密度をUP	90	2	5	92	6	0	0	40	0	[]
50091	M10003	親密度UP	93回親密度をUP	91	2	5	93	6	0	0	30	0	[]
50092	M10003	親密度UP	94回親密度をUP	92	2	5	94	6	0	0	30	0	[]
50093	M10003	親密度UP	95回親密度をUP	93	2	5	95	6	0	0	30	0	[]
50094	M10003	親密度UP	96回親密度をUP	94	2	5	96	6	0	0	40	0	[]
50095	M10003	親密度UP	97回親密度をUP	95	2	5	97	6	0	0	30	0	[]
50096	M10003	親密度UP	98回親密度をUP	96	2	5	98	6	0	0	30	0	[]
50097	M10003	親密度UP	99回親密度をUP	97	2	5	99	6	0	0	30	0	[]
50098	M10003	親密度UP	100回親密度をUP	98	2	5	100	6	0	0	40	0	[]
50099	M10003	親密度UP	101回親密度をUP	99	2	5	101	6	0	0	30	0	[]
50100	M10003	親密度UP	102回親密度をUP	100	2	5	102	6	0	0	30	0	[]
50101	M10003	親密度UP	103回親密度をUP	101	2	5	103	6	0	0	30	0	[]
50102	M10003	親密度UP	104回親密度をUP	102	2	5	104	6	0	0	40	0	[]
50103	M10003	親密度UP	105回親密度をUP	103	2	5	105	6	0	0	30	0	[]
50104	M10003	親密度UP	106回親密度をUP	104	2	5	106	6	0	0	30	0	[]
50105	M10003	親密度UP	107回親密度をUP	105	2	5	107	6	0	0	30	0	[]
50106	M10003	親密度UP	108回親密度をUP	106	2	5	108	6	0	0	40	0	[]
50107	M10003	親密度UP	109回親密度をUP	107	2	5	109	6	0	0	30	0	[]
50108	M10003	親密度UP	110回親密度をUP	108	2	5	110	6	0	0	30	0	[]
50109	M10003	親密度UP	111回親密度をUP	109	2	5	111	6	0	0	30	0	[]
50110	M10003	親密度UP	112回親密度をUP	110	2	5	112	6	0	0	40	0	[]
50111	M10003	親密度UP	113回親密度をUP	111	2	5	113	6	0	0	30	0	[]
50112	M10003	親密度UP	114回親密度をUP	112	2	5	114	6	0	0	30	0	[]
50113	M10003	親密度UP	115回親密度をUP	113	2	5	115	6	0	0	30	0	[]
50114	M10003	親密度UP	116回親密度をUP	114	2	5	116	6	0	0	40	0	[]
50115	M10003	親密度UP	117回親密度をUP	115	2	5	117	6	0	0	30	0	[]
50116	M10003	親密度UP	118回親密度をUP	116	2	5	118	6	0	0	30	0	[]
50117	M10003	親密度UP	119回親密度をUP	117	2	5	119	6	0	0	30	0	[]
50118	M10003	親密度UP	120回親密度をUP	118	2	5	120	6	0	0	40	0	[]
50119	M10003	親密度UP	121回親密度をUP	119	2	5	121	6	0	0	30	0	[]
50120	M10003	親密度UP	122回親密度をUP	120	2	5	122	6	0	0	30	0	[]
50121	M10003	親密度UP	123回親密度をUP	121	2	5	123	6	0	0	30	0	[]
50122	M10003	親密度UP	124回親密度をUP	122	2	5	124	6	0	0	40	0	[]
50123	M10003	親密度UP	125回親密度をUP	123	2	5	125	6	0	0	30	0	[]
50124	M10003	親密度UP	126回親密度をUP	124	2	5	126	6	0	0	30	0	[]
50125	M10003	親密度UP	127回親密度をUP	125	2	5	127	6	0	0	30	0	[]
50126	M10003	親密度UP	128回親密度をUP	126	2	5	128	6	0	0	40	0	[]
50127	M10003	親密度UP	129回親密度をUP	127	2	5	129	6	0	0	30	0	[]
50128	M10003	親密度UP	130回親密度をUP	128	2	5	130	6	0	0	30	0	[]
50129	M10003	親密度UP	131回親密度をUP	129	2	5	131	6	0	0	30	0	[]
50130	M10003	親密度UP	132回親密度をUP	130	2	5	132	6	0	0	40	0	[]
50131	M10003	親密度UP	133回親密度をUP	131	2	5	133	6	0	0	30	0	[]
50132	M10003	親密度UP	134回親密度をUP	132	2	5	134	6	0	0	30	0	[]
50133	M10003	親密度UP	135回親密度をUP	133	2	5	135	6	0	0	30	0	[]
50134	M10003	親密度UP	136回親密度をUP	134	2	5	136	6	0	0	40	0	[]
50135	M10003	親密度UP	137回親密度をUP	135	2	5	137	6	0	0	30	0	[]
50136	M10003	親密度UP	138回親密度をUP	136	2	5	138	6	0	0	30	0	[]
50137	M10003	親密度UP	139回親密度をUP	137	2	5	139	6	0	0	30	0	[]
50138	M10003	親密度UP	140回親密度をUP	138	2	5	140	6	0	0	40	0	[]
50139	M10003	親密度UP	141回親密度をUP	139	2	5	141	6	0	0	30	0	[]
50140	M10003	親密度UP	142回親密度をUP	140	2	5	142	6	0	0	30	0	[]
50141	M10003	親密度UP	143回親密度をUP	141	2	5	143	6	0	0	30	0	[]
50142	M10003	親密度UP	144回親密度をUP	142	2	5	144	6	0	0	40	0	[]
50143	M10003	親密度UP	145回親密度をUP	143	2	5	145	6	0	0	30	0	[]
50144	M10003	親密度UP	146回親密度をUP	144	2	5	146	6	0	0	30	0	[]
50145	M10003	親密度UP	147回親密度をUP	145	2	5	147	6	0	0	30	0	[]
50146	M10003	親密度UP	148回親密度をUP	146	2	5	148	6	0	0	40	0	[]
50147	M10003	親密度UP	149回親密度をUP	147	2	5	149	6	0	0	30	0	[]
50148	M10003	親密度UP	150回親密度をUP	148	2	5	150	6	0	0	30	0	[]
50149	M10003	親密度UP	151回親密度をUP	149	2	5	151	6	0	0	30	0	[]
50150	M10003	親密度UP	152回親密度をUP	150	2	5	152	6	0	0	40	0	[]
50151	M10003	親密度UP	153回親密度をUP	151	2	5	153	6	0	0	30	0	[]
50152	M10003	親密度UP	154回親密度をUP	152	2	5	154	6	0	0	30	0	[]
50153	M10003	親密度UP	155回親密度をUP	153	2	5	155	6	0	0	30	0	[]
50154	M10003	親密度UP	156回親密度をUP	154	2	5	156	6	0	0	40	0	[]
50155	M10003	親密度UP	157回親密度をUP	155	2	5	157	6	0	0	30	0	[]
50156	M10003	親密度UP	158回親密度をUP	156	2	5	158	6	0	0	30	0	[]
50157	M10003	親密度UP	159回親密度をUP	157	2	5	159	6	0	0	30	0	[]
50158	M10003	親密度UP	160回親密度をUP	158	2	5	160	6	0	0	40	0	[]
50159	M10003	親密度UP	161回親密度をUP	159	2	5	161	6	0	0	30	0	[]
50160	M10003	親密度UP	162回親密度をUP	160	2	5	162	6	0	0	30	0	[]
50161	M10003	親密度UP	163回親密度をUP	161	2	5	163	6	0	0	30	0	[]
50162	M10003	親密度UP	164回親密度をUP	162	2	5	164	6	0	0	40	0	[]
50163	M10003	親密度UP	165回親密度をUP	163	2	5	165	6	0	0	30	0	[]
50164	M10003	親密度UP	166回親密度をUP	164	2	5	166	6	0	0	30	0	[]
50165	M10003	親密度UP	167回親密度をUP	165	2	5	167	6	0	0	30	0	[]
50166	M10003	親密度UP	168回親密度をUP	166	2	5	168	6	0	0	40	0	[]
50167	M10003	親密度UP	169回親密度をUP	167	2	5	169	6	0	0	30	0	[]
50168	M10003	親密度UP	170回親密度をUP	168	2	5	170	6	0	0	30	0	[]
50169	M10003	親密度UP	171回親密度をUP	169	2	5	171	6	0	0	30	0	[]
50170	M10003	親密度UP	172回親密度をUP	170	2	5	172	6	0	0	40	0	[]
50171	M10003	親密度UP	173回親密度をUP	171	2	5	173	6	0	0	30	0	[]
50172	M10003	親密度UP	174回親密度をUP	172	2	5	174	6	0	0	30	0	[]
50173	M10003	親密度UP	175回親密度をUP	173	2	5	175	6	0	0	30	0	[]
50174	M10003	親密度UP	176回親密度をUP	174	2	5	176	6	0	0	40	0	[]
50175	M10003	親密度UP	177回親密度をUP	175	2	5	177	6	0	0	30	0	[]
50176	M10003	親密度UP	178回親密度をUP	176	2	5	178	6	0	0	30	0	[]
50177	M10003	親密度UP	179回親密度をUP	177	2	5	179	6	0	0	30	0	[]
50178	M10003	親密度UP	180回親密度をUP	178	2	5	180	6	0	0	40	0	[]
50179	M10003	親密度UP	181回親密度をUP	179	2	5	181	6	0	0	30	0	[]
50180	M10003	親密度UP	182回親密度をUP	180	2	5	182	6	0	0	30	0	[]
50181	M10003	親密度UP	183回親密度をUP	181	2	5	183	6	0	0	30	0	[]
50182	M10003	親密度UP	184回親密度をUP	182	2	5	184	6	0	0	40	0	[]
50183	M10003	親密度UP	185回親密度をUP	183	2	5	185	6	0	0	30	0	[]
50184	M10003	親密度UP	186回親密度をUP	184	2	5	186	6	0	0	30	0	[]
50185	M10003	親密度UP	187回親密度をUP	185	2	5	187	6	0	0	30	0	[]
50186	M10003	親密度UP	188回親密度をUP	186	2	5	188	6	0	0	40	0	[]
50187	M10003	親密度UP	189回親密度をUP	187	2	5	189	6	0	0	30	0	[]
50188	M10003	親密度UP	190回親密度をUP	188	2	5	190	6	0	0	30	0	[]
50189	M10003	親密度UP	191回親密度をUP	189	2	5	191	6	0	0	30	0	[]
50190	M10003	親密度UP	192回親密度をUP	190	2	5	192	6	0	0	40	0	[]
50191	M10003	親密度UP	193回親密度をUP	191	2	5	193	6	0	0	30	0	[]
50192	M10003	親密度UP	194回親密度をUP	192	2	5	194	6	0	0	30	0	[]
50193	M10003	親密度UP	195回親密度をUP	193	2	5	195	6	0	0	30	0	[]
50194	M10003	親密度UP	196回親密度をUP	194	2	5	196	6	0	0	40	0	[]
50195	M10003	親密度UP	197回親密度をUP	195	2	5	197	6	0	0	30	0	[]
50196	M10003	親密度UP	198回親密度をUP	196	2	5	198	6	0	0	30	0	[]
50197	M10003	親密度UP	199回親密度をUP	197	2	5	199	6	0	0	30	0	[]
50198	M10003	親密度UP	200回親密度をUP	198	2	5	200	6	0	0	40	0	[]
50199	M10003	親密度UP	201回親密度をUP	199	2	5	201	6	0	0	30	0	[]
50200	M10003	親密度UP	202回親密度をUP	200	2	5	202	6	0	0	30	0	[]
50201	M10003	親密度UP	203回親密度をUP	201	2	5	203	6	0	0	30	0	[]
50202	M10003	親密度UP	204回親密度をUP	202	2	5	204	6	0	0	40	0	[]
40001	M10003	結婚しよう	1人と結婚する	1	1	4	1	6	0	10000	0	0	"[[15001,200]]"
40002	M10003	結婚しよう	2人と結婚する	2	1	4	2	6	0	20000	0	0	"[[15001,200]]"
40003	M10003	結婚しよう	3人と結婚する	3	1	4	3	6	0	30000	0	0	"[[15001,200]]"
40004	M10003	結婚しよう	4人と結婚する	4	1	4	4	6	0	40000	0	0	"[[15001,200]]"
40005	M10003	結婚しよう	5人と結婚する	5	1	4	5	6	0	60000	0	0	"[[15001,200]]"
40006	M10003	結婚しよう	6人と結婚する	6	1	4	6	6	0	75000	0	0	"[[15001,200]]"
40007	M10003	結婚しよう	7人と結婚する	7	1	4	7	6	0	75000	0	0	"[[15001,200]]"
40008	M10003	結婚しよう	8人と結婚する	8	1	4	8	6	0	75000	0	0	"[[15001,200]]"
40009	M10003	結婚しよう	9人と結婚する	9	1	4	9	6	0	75000	0	0	"[[15001,200]]"
40010	M10003	結婚しよう	10人と結婚する	10	1	4	10	6	0	75000	0	0	"[[15001,200],[10018,1]]"
40011	M10003	結婚しよう	11人と結婚する	11	1	4	11	6	0	100000	0	0	"[[15001,200]]"
40012	M10003	結婚しよう	12人と結婚する	12	1	4	12	6	0	100000	0	0	"[[15001,200]]"
40013	M10003	結婚しよう	13人と結婚する	13	1	4	13	6	0	100000	0	0	"[[15001,200]]"
40014	M10003	結婚しよう	14人と結婚する	14	1	4	14	6	0	100000	0	0	"[[15001,200]]"
40015	M10003	結婚しよう	15人と結婚する	15	1	4	15	6	0	100000	0	0	"[[15001,200]]"
40016	M10003	結婚しよう	16人と結婚する	16	1	4	16	6	0	100000	0	0	"[[15001,200]]"
40017	M10003	結婚しよう	17人と結婚する	17	1	4	17	6	0	100000	0	0	"[[15001,200]]"
40018	M10003	結婚しよう	18人と結婚する	18	1	4	18	6	0	100000	0	0	"[[15001,200]]"
40019	M10003	結婚しよう	19人と結婚する	19	1	4	19	6	0	100000	0	0	"[[15001,200]]"
40020	M10003	結婚しよう	20人と結婚する	20	1	4	20	6	0	100000	0	0	"[[15001,200],[10018,1]]"
40021	M10003	結婚しよう	21人と結婚する	21	1	4	21	6	0	100000	0	0	"[[15001,200]]"
40022	M10003	結婚しよう	22人と結婚する	22	1	4	22	6	0	100000	0	0	"[[15001,200]]"
40023	M10003	結婚しよう	23人と結婚する	23	1	4	23	6	0	100000	0	0	"[[15001,200]]"
40024	M10003	結婚しよう	24人と結婚する	24	1	4	24	6	0	100000	0	0	"[[15001,200]]"
40025	M10003	結婚しよう	25人と結婚する	25	1	4	25	6	0	100000	0	0	"[[15001,200]]"
40026	M10003	結婚しよう	26人と結婚する	26	1	4	26	6	0	100000	0	0	"[[15001,200]]"
40027	M10003	結婚しよう	27人と結婚する	27	1	4	27	6	0	100000	0	0	"[[15001,200]]"
40028	M10003	結婚しよう	28人と結婚する	28	1	4	28	6	0	100000	0	0	"[[15001,200]]"
40029	M10003	結婚しよう	29人と結婚する	29	1	4	29	6	0	100000	0	0	"[[15001,200]]"
40030	M10003	結婚しよう	30人と結婚する	30	1	4	30	6	0	100000	0	0	"[[15001,200],[10018,1]]"
40031	M10003	結婚しよう	31人と結婚する	31	1	4	31	6	0	100000	0	0	"[[15001,200]]"
40032	M10003	結婚しよう	32人と結婚する	32	1	4	32	6	0	100000	0	0	"[[15001,200]]"
40033	M10003	結婚しよう	33人と結婚する	33	1	4	33	6	0	100000	0	0	"[[15001,200]]"
40034	M10003	結婚しよう	34人と結婚する	34	1	4	34	6	0	100000	0	0	"[[15001,200]]"
40035	M10003	結婚しよう	35人と結婚する	35	1	4	35	6	0	100000	0	0	"[[15001,200]]"
40036	M10003	結婚しよう	36人と結婚する	36	1	4	36	6	0	100000	0	0	"[[15001,200]]"
40037	M10003	結婚しよう	37人と結婚する	37	1	4	37	6	0	100000	0	0	"[[15001,200]]"
40038	M10003	結婚しよう	38人と結婚する	38	1	4	38	6	0	100000	0	0	"[[15001,200]]"
40039	M10003	結婚しよう	39人と結婚する	39	1	4	39	6	0	100000	0	0	"[[15001,200]]"
40040	M10003	結婚しよう	40人と結婚する	40	1	4	40	6	0	100000	0	0	"[[15001,200],[10018,1]]"
40041	M10003	結婚しよう	41人と結婚する	41	1	4	41	6	0	100000	0	0	"[[15001,200]]"
40042	M10003	結婚しよう	42人と結婚する	42	1	4	42	6	0	100000	0	0	"[[15001,200]]"
40043	M10003	結婚しよう	43人と結婚する	43	1	4	43	6	0	100000	0	0	"[[15001,200]]"
40044	M10003	結婚しよう	44人と結婚する	44	1	4	44	6	0	100000	0	0	"[[15001,200]]"
40045	M10003	結婚しよう	45人と結婚する	45	1	4	45	6	0	100000	0	0	"[[15001,200]]"
40046	M10003	結婚しよう	46人と結婚する	46	1	4	46	6	0	100000	0	0	"[[15001,200]]"
40047	M10003	結婚しよう	47人と結婚する	47	1	4	47	6	0	100000	0	0	"[[15001,200]]"
40048	M10003	結婚しよう	48人と結婚する	48	1	4	48	6	0	100000	0	0	"[[15001,200]]"
40049	M10003	結婚しよう	49人と結婚する	49	1	4	49	6	0	100000	0	0	"[[15001,200]]"
40050	M10003	結婚しよう	50人と結婚する	50	1	4	50	6	0	100000	0	0	"[[15001,200],[10018,1]]"
40051	M10003	結婚しよう	51人と結婚する	51	1	4	51	6	0	100000	0	0	"[[15001,200]]"
20001	M10001	装備の強化	装備を1回強化する	1	2	2	50	6	0	5000	0	0	[]
20002	M10001	装備の強化	装備を2回強化する	2	2	2	100	6	0	6000	0	0	[]
20003	M10001	装備の強化	装備を3回強化する	3	2	2	150	6	0	7000	0	0	[]
20004	M10001	装備の強化	装備を4回強化する	4	2	2	200	6	0	8000	0	0	[]
20005	M10001	装備の強化	装備を5回強化する	5	2	2	250	6	0	9000	0	0	[]
20006	M10001	装備の強化	装備を6回強化する	6	2	2	300	6	0	10000	0	0	[]
20007	M10001	装備の強化	装備を7回強化する	7	2	2	350	6	0	11000	0	0	[]
20008	M10001	装備の強化	装備を8回強化する	8	2	2	400	6	0	12000	0	0	[]
20009	M10001	装備の強化	装備を9回強化する	9	2	2	450	6	0	13000	0	0	[]
20010	M10001	装備の強化	装備を10回強化する	10	2	2	500	6	0	14000	0	0	[]
20011	M10001	装備の強化	装備を11回強化する	11	2	2	550	6	0	15000	0	0	[]
20012	M10001	装備の強化	装備を12回強化する	12	2	2	600	6	0	16000	0	0	[]
20013	M10001	装備の強化	装備を13回強化する	13	2	2	650	6	0	17000	0	0	[]
20014	M10001	装備の強化	装備を14回強化する	14	2	2	700	6	0	18000	0	0	[]
20015	M10001	装備の強化	装備を15回強化する	15	2	2	750	6	0	18000	0	0	[]
20016	M10001	装備の強化	装備を16回強化する	16	2	2	800	6	0	18000	0	0	[]
20017	M10001	装備の強化	装備を17回強化する	17	2	2	850	6	0	18000	0	0	[]
20018	M10001	装備の強化	装備を18回強化する	18	2	2	900	6	0	18000	0	0	[]
20019	M10001	装備の強化	装備を19回強化する	19	2	2	950	6	0	18000	0	0	[]
20020	M10001	装備の強化	装備を20回強化する	20	2	2	1000	6	0	19000	0	0	[]
20021	M10001	装備の強化	装備を21回強化する	21	2	2	1050	6	0	20000	0	0	[]
20022	M10001	装備の強化	装備を22回強化する	22	2	2	1100	6	0	21000	0	0	[]
20023	M10001	装備の強化	装備を23回強化する	23	2	2	1150	6	0	22000	0	0	[]
20024	M10001	装備の強化	装備を24回強化する	24	2	2	1200	6	0	23000	0	0	[]
20025	M10001	装備の強化	装備を25回強化する	25	2	2	1250	6	0	24000	0	0	[]
20026	M10001	装備の強化	装備を26回強化する	26	2	2	1300	6	0	25000	0	0	[]
20027	M10001	装備の強化	装備を27回強化する	27	2	2	1350	6	0	26000	0	0	[]
20028	M10001	装備の強化	装備を28回強化する	28	2	2	1400	6	0	27000	0	0	[]
20029	M10001	装備の強化	装備を29回強化する	29	2	2	1450	6	0	28000	0	0	[]
20030	M10001	装備の強化	装備を30回強化する	30	2	2	1500	6	0	28000	0	0	[]
20031	M10001	装備の強化	装備を31回強化する	31	2	2	1550	6	0	29000	0	0	[]
20032	M10001	装備の強化	装備を32回強化する	32	2	2	1600	6	0	30000	0	0	[]
20033	M10001	装備の強化	装備を33回強化する	33	2	2	1650	6	0	31000	0	0	[]
20034	M10001	装備の強化	装備を34回強化する	34	2	2	1700	6	0	32000	0	0	[]
20035	M10001	装備の強化	装備を35回強化する	35	2	2	1750	6	0	33000	0	0	[]
20036	M10001	装備の強化	装備を36回強化する	36	2	2	1800	6	0	34000	0	0	[]
20037	M10001	装備の強化	装備を37回強化する	37	2	2	1850	6	0	35000	0	0	[]
20038	M10001	装備の強化	装備を38回強化する	38	2	2	1900	6	0	36000	0	0	[]
20039	M10001	装備の強化	装備を39回強化する	39	2	2	1950	6	0	37000	0	0	[]
20040	M10001	装備の強化	装備を40回強化する	40	2	2	2000	6	0	38000	0	0	[]
20041	M10001	装備の強化	装備を41回強化する	41	2	2	2050	6	0	39000	0	0	[]
20042	M10001	装備の強化	装備を42回強化する	42	2	2	2100	6	0	40000	0	0	[]
20043	M10001	装備の強化	装備を43回強化する	43	2	2	2150	6	0	41000	0	0	[]
20044	M10001	装備の強化	装備を44回強化する	44	2	2	2200	6	0	42000	0	0	[]
20045	M10001	装備の強化	装備を45回強化する	45	2	2	2250	6	0	43000	0	0	[]
20046	M10001	装備の強化	装備を46回強化する	46	2	2	2300	6	0	44000	0	0	[]
20047	M10001	装備の強化	装備を47回強化する	47	2	2	2350	6	0	45000	0	0	[]
20048	M10001	装備の強化	装備を48回強化する	48	2	2	2400	6	0	46000	0	0	[]
20049	M10001	装備の強化	装備を49回強化する	49	2	2	2450	6	0	47000	0	0	[]
20050	M10001	装備の強化	装備を50回強化する	50	2	2	2500	6	0	48000	0	0	[]
20051	M10001	装備の強化	装備を51回強化する	51	2	2	2550	6	0	49000	0	0	[]
20052	M10001	装備の強化	装備を52回強化する	52	2	2	2600	6	0	50000	0	0	[]
20053	M10001	装備の強化	装備を53回強化する	53	2	2	2650	6	0	50000	0	0	[]
20054	M10001	装備の強化	装備を54回強化する	54	2	2	2700	6	0	50000	0	0	[]
20055	M10001	装備の強化	装備を55回強化する	55	2	2	2750	6	0	50000	0	0	[]
20056	M10001	装備の強化	装備を56回強化する	56	2	2	2800	6	0	50000	0	0	[]
20057	M10001	装備の強化	装備を57回強化する	57	2	2	2850	6	0	50000	0	0	[]
20058	M10001	装備の強化	装備を58回強化する	58	2	2	2900	6	0	50000	0	0	[]
20059	M10001	装備の強化	装備を59回強化する	59	2	2	2950	6	0	50000	0	0	[]
20060	M10001	装備の強化	装備を60回強化する	60	2	2	3000	6	0	50000	0	0	[]
20061	M10001	装備の強化	装備を61回強化する	61	2	2	3050	6	0	50000	0	0	[]
20062	M10001	装備の強化	装備を62回強化する	62	2	2	3100	6	0	50000	0	0	[]
20063	M10001	装備の強化	装備を63回強化する	63	2	2	3150	6	0	50000	0	0	[]
20064	M10001	装備の強化	装備を64回強化する	64	2	2	3200	6	0	50000	0	0	[]
20065	M10001	装備の強化	装備を65回強化する	65	2	2	3250	6	0	50000	0	0	[]
20066	M10001	装備の強化	装備を66回強化する	66	2	2	3300	6	0	50000	0	0	[]
20067	M10001	装備の強化	装備を67回強化する	67	2	2	3350	6	0	50000	0	0	[]
20068	M10001	装備の強化	装備を68回強化する	68	2	2	3400	6	0	50000	0	0	[]
20069	M10001	装備の強化	装備を69回強化する	69	2	2	3450	6	0	50000	0	0	[]
20070	M10001	装備の強化	装備を70回強化する	70	2	2	3500	6	0	50000	0	0	[]
20071	M10001	装備の強化	装備を71回強化する	71	2	2	3550	6	0	50000	0	0	[]
20072	M10001	装備の強化	装備を72回強化する	72	2	2	3600	6	0	50000	0	0	[]
20073	M10001	装備の強化	装備を73回強化する	73	2	2	3650	6	0	50000	0	0	[]
20074	M10001	装備の強化	装備を74回強化する	74	2	2	3700	6	0	50000	0	0	[]
20075	M10001	装備の強化	装備を75回強化する	75	2	2	3750	6	0	50000	0	0	[]
20076	M10001	装備の強化	装備を76回強化する	76	2	2	3800	6	0	50000	0	0	[]
20077	M10001	装備の強化	装備を77回強化する	77	2	2	3850	6	0	50000	0	0	[]
20078	M10001	装備の強化	装備を78回強化する	78	2	2	3900	6	0	50000	0	0	[]
20079	M10001	装備の強化	装備を79回強化する	79	2	2	3950	6	0	50000	0	0	[]
20080	M10001	装備の強化	装備を80回強化する	80	2	2	4000	6	0	50000	0	0	[]
20081	M10001	装備の強化	装備を81回強化する	81	2	2	4050	6	0	50000	0	0	[]
20082	M10001	装備の強化	装備を82回強化する	82	2	2	4100	6	0	50000	0	0	[]
20083	M10001	装備の強化	装備を83回強化する	83	2	2	4150	6	0	50000	0	0	[]
20084	M10001	装備の強化	装備を84回強化する	84	2	2	4200	6	0	50000	0	0	[]
20085	M10001	装備の強化	装備を85回強化する	85	2	2	4250	6	0	50000	0	0	[]
20086	M10001	装備の強化	装備を86回強化する	86	2	2	4300	6	0	50000	0	0	[]
20087	M10001	装備の強化	装備を87回強化する	87	2	2	4350	6	0	50000	0	0	[]
20088	M10001	装備の強化	装備を88回強化する	88	2	2	4400	6	0	50000	0	0	[]
20089	M10001	装備の強化	装備を89回強化する	89	2	2	4450	6	0	50000	0	0	[]
20090	M10001	装備の強化	装備を90回強化する	90	2	2	4500	6	0	50000	0	0	[]
20091	M10001	装備の強化	装備を91回強化する	91	2	2	4550	6	0	50000	0	0	[]
20092	M10001	装備の強化	装備を92回強化する	92	2	2	4600	6	0	50000	0	0	[]
20093	M10001	装備の強化	装備を93回強化する	93	2	2	4650	6	0	50000	0	0	[]
20094	M10001	装備の強化	装備を94回強化する	94	2	2	4700	6	0	50000	0	0	[]
20095	M10001	装備の強化	装備を95回強化する	95	2	2	4750	6	0	50000	0	0	[]
20096	M10001	装備の強化	装備を96回強化する	96	2	2	4800	6	0	50000	0	0	[]
20097	M10001	装備の強化	装備を97回強化する	97	2	2	4850	6	0	50000	0	0	[]
20098	M10001	装備の強化	装備を98回強化する	98	2	2	4900	6	0	50000	0	0	[]
20099	M10001	装備の強化	装備を99回強化する	99	2	2	4950	6	0	50000	0	0	[]
20100	M10001	装備の強化	装備を100回強化する	100	2	2	5000	6	0	50000	0	0	[]