number	string	number	string	string	string	string	number	number	number	string	number	number	string	number	string	number	number	number
id	id_level	buff_symbol	effect_start	effect	effect_end	info	buff_type	prop_type1	affect_method1	prop_value1	prop_type2	affect_method2	prop_value2	state_type	state_value	effect_times	last_time	cum_times
97	97	2		Buff_520_fire		伤害-1	27	5	1	-38888	0	0	0	0	0	1	1	5
98	98	3	Buff_106_cast	Buff_101_cast		双防+	1	3	0	10	1	0	1.5	3	0	1	999	5
99	99	3				免疫	37	0	0	0	0	0	0	5	0	1	999	5
100	100	1	Buff_108_cast			防御-	2	3	0	-0.15	0	0	0	0	0	1	6	1
101	101	1	Buff_108_cast			防御-	2	3	0	-0.225	0	0	0	0	0	1	9	1
102	102	1	Buff_108_cast			防御-	2	3	0	-0.05	0	0	0	0	0	1	5	3
103	103	1	Buff_108_cast			防御-	2	3	0	-0.05	0	0	0	0	0	1	5	3
104	104	2		Buff_513_fire		混乱3s	3	0	0	0	0	0	0	7	0	1	3	5
105	105	2		Buff_513_fire		混乱3s	3	0	0	0	0	0	0	7	0	1	3	5
106	106	3				回血，免疫3秒	4	5	0	0.8+0.008*%d	0	0	0	5	0	1	3	5
107	107	3				回血，免疫5秒	4	5	0	0.8+0.008*%d	0	0	0	5	0	1	5	5
108	108	2	Buff_110_cast			减技防	5	4	0	-0.04	0	0	0	0	0	1	10	3
109	109	2	Buff_110_cast			减技防	5	4	0	-0.08	0	0	0	0	0	1	10	3
110	110	3	Buff_309_cast			风伤-	6	0	0	0	0	0	0	201	-0.05-0.001*%d	1	999	5
111	111	3	Buff_309_cast			风伤-	6	0	0	0	0	0	0	201	-0.05-0.001*%d	1	999	5
112	112	2	Buff_110_cast			减技防	7	4	0	-0.05-0.001*%d	0	0	0	0	0	1	999	5
113	113	2	Buff_110_cast			减技防	7	4	0	-0.08-0.001*%d	0	0	0	0	0	1	999	5
114	114	2		Buff_513_fire		混乱	3	0	0	0	0	0	0	7	0	1	4	5
115	115	2		Buff_513_fire		混乱	3	0	0	0	0	0	0	7	0	1	5	5
116	116	1	Buff_102_cast			提升防御	5	3	0	0.05+0.001*%d	0	0	0	0	0	1	999	5
117	117	1	Buff_106_cast			提升双防	5	3	0	0.08+0.001*%d	4	0	0.05	0	0	1	999	5
118	118	3				吸血	10	0	0	0	0	0	0	10	0.05+0.001*%d	1	999	5
119	119	3				吸血	10	0	0	0	0	0	0	10	0.08+0.001*%d	1	999	5
120	120	1	Buff_201_cast	Buff_202_cast		暴击、闪避	11	6	0	0.4+0.005*%d	8	0	0.4+0.005*%d	0	0	1	10	1
121	121	1	Buff_201_cast	Buff_202_cast		暴击、闪避	11	6	0	0.4+0.005*%d	8	0	0.4+0.005*%d	0	0	1	20	1
122	122	1	Buff_201_cast			暴击提升	11	6	0	0.1	0	0	0	0	0	1	3	1
123	123	1	Buff_201_cast			暴击提升	11	6	0	0.15	0	0	0	0	0	1	5	1
124	124	3				自身吸血	13	0	0	0	0	0	0	10	0.3+0.004*%d	1	999	5
125	125	3				自身吸血	13	0	0	0	0	0	0	10	0.35+0.004*%d	1	999	5
126	126	1	Buff_201_cast			暴击不断提高	11	6	0	0.05+0.001*%d	0	0	0	0	0	250	999	1
127	127	1	Buff_201_cast			暴击不断提高	11	6	0	0.05+0.001*%d	0	0	0	0	0	250	999	1
128	128	2		Buff_513_fire		混乱	3	0	0	0	0	0	0	7	0	1	2	5
129	129	2		Buff_513_fire		混乱	3	0	0	0	0	0	0	7	0	1	3	5
130	130	2		Buff_503_fire		眩晕	8	0	0	0	0	0	0	2	0	1	1.5	5
131	131	2		Buff_503_fire		眩晕	8	0	0	0	0	0	0	2	0	1	2.5	5
132	132	3	Buff_303_cast			火系伤害光环	6	0	0	0	0	0	0	202	0.05+0.001*%d	1	999	5
133	133	3	Buff_303_cast			火系伤害光环	6	0	0	0	0	0	0	202	0.1+0.001*%d	1	999	5
134	134	3		Buff_503_fire		眩晕3秒	8	0	0	0	0	0	0	2	0	1	3	5
135	135	3		Buff_503_fire		眩晕3秒	8	0	0	0	0	0	0	2	0	1	3	5
136	136	3		Buff_503_fire		眩晕1s	8	0	0	0	0	0	0	2	0	1	3	5
137	137	3		Buff_503_fire		眩晕1s	8	0	0	0	0	0	0	2	0	1	5	5
138	138	1	Buff_103_cast			技攻+	14	2	0	0.06+0.002*%d	0	0	0	0	0	1	999	5
139	139	1	Buff_103_cast			技攻+	14	2	0	0.09+0.002*%d	0	0	0	0	0	1	999	5
140	140	3		Buff_503_fire		眩晕	8	0	0	0	0	0	0	2	0	1	1.5	5
141	141	3		Buff_503_fire		眩晕	8	0	0	0	0	0	0	2	0	1	2	5
142	142	3	Buff_302_cast			无系伤害+	6	0	0	0	0	0	0	200	0.25	1	10	2
143	143	3	Buff_302_cast			无系伤害+	6	0	0	0	0	0	0	200	0.35	1	10	2
144	144	3				吸血	13	0	0	0	0	0	0	10	0.15	1	1	5
145	145	3				回血	13	5	1	100+10*%d	0	0	0	0	0	1	1	5
146	146	1	Buff_204_cast			获得满怒气值	19	10	1	100	0	0	0	0	0	1	1	5
147	147	1	Buff_204_cast			获得满怒气值	19	10	1	200	0	0	0	0	0	1	1	5
148	148	3				致盲1.5s	20	0	0	0	0	0	0	6	0	1	1.5	5
149	149	3				致盲1.5s	20	0	0	0	0	0	0	6	0	1	1.5	5
150	150	1	Buff_204_cast			获得怒气	19	10	1	60+1*%d	0	0	0	0	0	1	1	5
151	151	1	Buff_204_cast			获得怒气	19	10	1	60+1*%d	0	0	0	0	0	1	1	5
152	152	2	Buff_209_cast			减少怒气	19	10	1	-10-%d	0	0	0	0	0	1	1	5
153	153	2	Buff_209_cast			减少怒气	19	10	1	-10-%d	0	0	0	0	0	1	1	5
154	154	2	Buff_112_cast			降低双防	1	3	0	-0.12	4	0	-0.05	0	0	1	30	3
155	155	3	Buff_316_cast			风属性伤害加深	17	0	0	0	0	0	0	101	0.1	1	60	5
156	156	3	Buff_314_cast			火属性伤害加深	17	0	0	0	0	0	0	102	0.1	1	60	5
157	157	3	Buff_313_cast			水属性伤害加深	17	0	0	0	0	0	0	103	0.1	1	60	5
158	158	3				土属性伤害加深	17	0	0	0	0	0	0	104	0.1	1	60	5
159	159	2	Buff_112_cast			降低双防	1	3	0	-0.18	4	0	-0.08	0	0	1	30	3
160	160	3	Buff_316_cast			风属性伤害加深	17	0	0	0	0	0	0	101	0.1	1	60	5
161	161	3	Buff_314_cast			火属性伤害加深	17	0	0	0	0	0	0	102	0.1	1	60	5
162	162	3	Buff_313_cast			水属性伤害加深	17	0	0	0	0	0	0	103	0.1	1	60	5
163	163	3				土属性伤害加深	17	0	0	0	0	0	0	104	0.1	1	60	5
164	164	3	Buff_112_cast			降低双防	1	3	0	-0.2-0.01*%d	4	0	-0.2-0.01*%d	0	0	1	5	5
165	165	3	Buff_112_cast			降低双防	1	3	0	-0.2-0.01*%d	4	0	-0.2-0.01*%d	0	0	1	5	5
166	166	3	Buff_103_cast			增加技攻	1	2	0	0.1+0.0015*%d	0	0	0	0	0	1	999	5
167	167	3	Buff_103_cast			增加技攻	1	2	0	0.15+0.0015*%d	0	0	0	0	0	1	999	5
168	168	1	Buff_308_cast			风系防御+	17	0	0	0	0	0	0	101	-0.03-0.001*%d	1	20	3
169	169	1	Buff_308_cast			风系防御+	17	0	0	0	0	0	0	101	-0.03-0.001*%d	1	20	5
170	170	1	Buff_105_cast			提升双攻	22	1	0	0.1+0.002*%d	2	0	0.1+0.002*%d	0	0	1	999	5
171	171	1	Buff_105_cast			提升双攻	22	1	0	0.1+0.002*%d	2	0	0.1+0.002*%d	0	0	1	999	5
172	172	1	Buff_301_cast			风伤-	6	0	0	0	0	0	0	201	0.05	1	20	3
173	173	1	Buff_301_cast			风伤-	6	0	0	0	0	0	0	201	0.1	1	20	3
174	174	1	Buff_201_cast			提升暴击	11	6	0	0.5	0	0	0	0	0	1	3	1
175	175	1	Buff_201_cast			提升暴击	11	6	0	1	0	0	0	0	0	1	3	1
176	176	1	Buff_201_cast			提升暴击	11	6	0	0.05+0.002*%d	0	0	0	0	0	1	999	5
177	177	1	Buff_201_cast			提升暴击	11	6	0	0.08+0.002*%d	0	0	0	0	0	1	999	5
178	178	1				回血	4	5	0	1.1+0.011*%d	0	0	0	0	0	1	1	3
179	179	1				回血加技防	4	5	0	1.1+0.011*%d	4	0	0.1	0	0	1	10	3
180	180	2	Buff_107_cast			降低体术	9	1	0	-0.05	0	0	0	0	0	1	15	3
181	181	2	Buff_107_cast			降低体术	9	1	0	-0.1	0	0	0	0	0	1	15	3
182	182	2	Buff_304_cast			水属伤害提升	6	0	0	0	0	0	0	203	0.03+0.001*%d	1	10	4
183	183	2	Buff_304_cast			水属伤害提升	6	0	0	0	0	0	0	203	0.03+0.001*%d	1	10	4
184	184	2		Buff_505_fire		驱散	25	0	0	0	0	0	0	14	0	1	1	5
185	185	2		Buff_505_fire		驱散	25	0	0	0	0	0	0	14	0	1	1	5
186	186	2	Buff_109_cast			减技攻	9	2	0	-0.1	0	0	0	0	0	1	60	2
187	187	2	Buff_312_cast			水属性伤害降低	6	0	0	0	0	0	0	203	-0.1	1	60	2
188	188	2	Buff_109_cast			减技攻	9	2	0	-0.15	0	0	0	0	0	1	60	2
189	189	2	Buff_312_cast			水属性伤害降低	6	0	0	0	0	0	0	203	-0.15	1	60	2
190	190	3	Buff_102_cast			防御+	2	3	0	0.03	0	0	0	0	0	1	5	3
191	191	3	Buff_106_cast			双防+	1	3	0	0.03	4	0	0.03	0	0	1	5	3
192	192	3	Buff_310_cast			无系伤害降低光环	6	0	0	0	0	0	0	200	-0.1	1	999	5
193	193	3	Buff_310_cast			无系伤害降低光环	6	0	0	0	0	0	0	200	-0.1	1	999	5
194	194	2		Buff_518_fire		沉默	15	0	0	0	0	0	0	8	0	1	5	5
195	195	2		Buff_513_fire		混乱	3	0	0	0	0	0	0	7	0	1	5	5
196	196	1	Buff_202_cast			增加闪避	28	8	0	0.15+0.002*%d	0	0	0	0	0	1	3	5
197	197	1	Buff_202_cast			增加闪避	28	8	0	0.15+0.002*%d	0	0	0	0	0	1	3	5
198	198	1				闪避加怒气	29	0	0	0	0	0	0	15	20	1	3	5
199	199	1				闪避加怒气	29	0	0	0	0	0	0	15	20	1	3	5
200	200	3	Buff_309_cast			风伤-	6	0	0	0	0	0	0	201	-0.1-0.001*%d	1	999	5
201	201	3	Buff_309_cast			风伤-	6	0	0	0	0	0	0	201	-0.1-0.001*%d	1	999	5
202	202	3		Buff_503_fire		眩晕	8	0	0	0	0	0	0	2	0	1	3	5
203	203	3		Buff_503_fire		眩晕	8	0	0	0	0	0	0	2	0	1	5	5
204	204	1	Buff_104_cast			技防不断提升	5	4	0	0.06+0.0012*%d	0	0	0	0	0	180	999	1
205	205	1	Buff_104_cast			技防不断提升	5	4	0	0.06+0.0012*%d	0	0	0	0	0	180	999	1
206	206	1	Buff_103_cast			技能攻击提高	9	2	0	0.03+0.001*%d	0	0	0	0	0	1	25	3
207	207	1	Buff_103_cast			技能攻击提高	9	2	0	0.03+0.001*%d	0	0	0	0	0	1	25	4
208	208	2				伤害	27	5	0	-0.06-%d*0.0006	0	0	0	0	0	5	10	5
209	209	2				伤害	27	5	0	-0.06-%d*0.0006	0	0	0	0	0	5	10	5
210	210	2				伤害	27	5	0	-0.08-%d*0.008	0	0	0	0	0	5	10	5
211	211	2				伤害	27	5	0	-0.1-%d*0.008	0	0	0	0	0	5	10	5
212	212	2	Buff_314_cast			火抗-	17	0	0	0	0	0	0	102	0.05	5	15	1
213	213	2	Buff_314_cast			火抗-	17	0	0	0	0	0	0	102	0.05	5	15	1
214	214	2				伤害	27	5	0	-0.03-%d*0.0003	0	0	0	0	0	4	8	5
215	215	2				伤害	27	5	0	-0.05-%d*0.0003	0	0	0	0	0	4	8	5
216	216	2	Buff_309_cast			风伤-	6	0	0	0	0	0	0	201	-0.03	10	60	2
217	217	2	Buff_309_cast			风伤-	6	0	0	0	0	0	0	201	-0.03	10	60	2
218	218	2	Buff_310_cast			无伤-	6	0	0	0	0	0	0	200	-0.03	10	60	2
219	219	2	Buff_310_cast			无伤-	6	0	0	0	0	0	0	200	-0.03	10	60	2
220	220	3	Buff_301_cast			风抗+	17	0	0	0	0	0	0	101	-0.05-%d*0.0005	1	999	1
221	221	3	Buff_301_cast			风抗+	17	0	0	0	0	0	0	101	-0.08-%d*0.0005	1	999	1
222	222	3				恢复效果提升	18	0	0	0	0	0	0	16	0.05	1	99	5
223	223	3				恢复效果提升	18	0	0	0	0	0	0	16	0.05	1	99	5
224	224	2		Buff_503_fire		眩晕3s	8	0	0	0	0	0	0	2	0	1	3	5
225	225	2		Buff_503_fire		眩晕4.5s	8	0	0	0	0	0	0	2	0	1	4.5	5
226	226	2	Buff_112_cast			降低双防	1	3	0	-0.06	4	0	-0.06	0	0	1	25	3
227	227	2	Buff_112_cast			降低双防	1	3	0	-0.12	4	0	-0.12	0	0	1	25	3
228	228	1	Buff_201_cast			提升暴击	12	6	0	0.05+0.001*%d	0	0	0	0	0	1	4	3
229	229	1	Buff_201_cast			提升暴击	12	6	0	0.05+0.001*%d	0	0	0	0	0	1	6	3
230	230	1	Buff_101_cast			提升普通攻击力	9	1	0	0.15+0.002*%d	0	0	0	0	0	1	4	3
231	231	1	Buff_101_cast			提升普通攻击力	9	1	0	0.15+0.002*%d	0	0	0	0	0	1	6	3
232	232	1				加血、加免伤	4	5	0	0.16+0.0016*%d	0	0	0	0	0	5	5	5
233	233	1				加血、加免伤	4	5	0	0.16+0.0016*%d	0	0	0	0	0	5	5	5
234	234	1	Buff_102_cast			提升防御	2	3	0	0.4	0	0	0	0	0	1	5	1
235	235	1				恢复生命百分比	4	5	0	1.1+0.011*%d	0	0	0	0	0	1	1	5
236	236	1				恢复生命百分比	4	5	0	1.1+0.011*%d	0	0	0	0	0	1	1	5
237	237	1	Buff_106_cast			提升双防	1	3	0	0.15	4	0	0.15	0	0	1	3	2
238	238	1	Buff_106_cast			提升双防	1	3	0	0.15	4	0	0.15	0	0	1	5	2
239	239	1				回血	4	5	0	0.12	0	0	0	0	0	1	1	5
240	240	1				回血	4	5	0	0.2	0	0	0	0	0	1	1	5
241	241	3	Buff_311_cast			火系伤害降低光环	6	0	0	0	0	0	0	202	-0.1-0.001*%d	1	999	5
242	242	3	Buff_311_cast			火系伤害降低光环	6	0	0	0	0	0	0	202	-0.1-0.001*%d	1	999	5
243	243	3	Buff_309_cast			风伤-	6	0	0	0	0	0	0	201	-0.1-0.001*%d	1	999	5
244	244	1	Buff_202_cast			增加闪避	28	8	1	88	0	0	0	0	0	1	999	5
245	245	1	Buff_202_cast			增加闪避	28	8	1	88	0	0	0	0	0	1	999	5
246	246	2		Buff_518_fire		沉默	15	0	0	0	0	0	0	8	0	1	2	5
247	247	2		Buff_518_fire		沉默	15	0	0	0	0	0	0	8	0	1	4	5
248	248	1	Buff_202_cast			增加闪避	28	8	0	0.2+0.005*%d	0	0	0	0	0	1	999	5
249	249	1	Buff_202_cast			增加闪避	28	8	0	0.2+0.005*%d	0	0	0	0	0	1	999	5
250	250	1	Buff_106_cast			增加双防	1	3	0	0.03+0.002*%d	4	0	0.03+0.002*%d	0	0	1	20	5
251	251	1	Buff_106_cast			增加双防	1	3	0	0.03+0.002*%d	4	0	0.03+0.002*%d	0	0	1	20	5
252	252	2	Buff_209_cast			不得怒气	24	0	0	0	0	0	0	11	0	1	3	5
253	253	2	Buff_209_cast			不得怒气	24	0	0	0	0	0	0	11	0	1	5	5
254	254	2	Buff_209_cast			不得怒气	24	0	0	0	0	0	0	11	0	1	3	5
255	255	2	Buff_209_cast			不得怒气	24	0	0	0	0	0	0	11	0	1	3	5
256	256	3				回血	4	5	0	0.2	0	0	0	0	0	1	1	5
257	257	3				回血	4	5	0	0.5	0	0	0	0	0	1	1	5
258	258	3				吸血	13	0	0	0	0	0	0	10	0.1+0.002*%d	1	999	5
259	259	3				吸血	13	0	0	0	0	0	0	10	0.1+0.002*%d	1	999	5
260	260	1	Buff_203_cast			免伤提升	30	12	1	0.6	0	0	0	0	0	1	2.5	1
261	261	1	Buff_203_cast			免伤提升	30	12	1	0.9	0	0	0	0	0	1	2.5	1
262	262	1				回血	4	5	0	0.6+0.006*%d	0	0	0	0	0	1	1	5
263	263	1				回血	4	5	0	0.6+0.006*%d	0	0	0	0	0	1	1	5
264	264	2				回血驱散	4	5	0	0.8+0.008*%d	0	0	0	14	0	1	1	5
265	265	1				回血驱散	4	5	0	0.8+0.008*%d	0	0	0	14	0	1	1	5
266	266	2				免疫	25	0	0	0	0	0	0	5	0	1	5	5
267	267	1				免疫	25	0	0	0	0	0	0	5	0	1	8	5
268	268	3				反伤光环	32	0	0	0	0	0	0	17	0.05+0.001*%d	1	999	5
269	269	3				反伤光环	32	0	0	0	0	0	0	17	0.05+0.001*%d	1	999	5
270	270	3	Buff_204_cast			获得怒气	16	10	1	30	0	0	0	0	0	1	1	5
271	271	3	Buff_204_cast			获得怒气	16	10	1	30	0	0	0	0	0	1	1	5
272	272	2	Buff_313_cast			水系抗性-0.1	17	0	0	0	0	0	0	103	0.1	1	3	5
273	273	2	Buff_313_cast			水系抗性-0.1	17	0	0	0	0	0	0	103	0.1	1	3	5
274	274	2		Buff_503_fire		眩晕1s	8	0	0	0	0	0	0	2	0	1	1	5
275	275	2		Buff_503_fire		眩晕1s	8	0	0	0	0	0	0	2	0	1	1	5
276	276	2	Buff_112_cast			双防-0.05	1	3	0	-0.05	4	0	-0.05	0	0	1	3	4
277	277	2	Buff_112_cast			双防-0.05	1	3	0	-0.05	4	0	-0.05	0	0	1	3	4
278	278	3				伤害	27	5	0	-0.15-0.001*%d	0	0	0	0	0	1	1	5
279	279	3				伤害	27	5	0	-0.15-0.001*%d	0	0	0	0	0	1	1	5
280	280	3				回血	4	5	0	0.05+0.001*%d	0	0	0	0	0	1	1	5
281	281	3				回血	4	5	0	0.1+0.001*%d	0	0	0	0	0	1	1	5
282	282	3		Buff_106_cast		双防+	1	3	0	0.1+0.001*%d	4	0	0.1+0.001*%d	0	0	1	999	5
283	283	3		Buff_106_cast		双防+	1	3	0	0.1+0.001*%d	4	0	0.1+0.001*%d	0	0	1	999	5
284	284	3	Buff_308_cast			风系抗性+0.1	17	0	0	0	0	0	0	101	-0.1	1	999	5
285	285	3	Buff_308_cast			风系抗性+0.1	17	0	0	0	0	0	0	101	-0.1	1	999	5
286	286	3	Buff_306_cast			火系抗性+0.1	17	0	0	0	0	0	0	102	-0.1	1	999	5
287	287	3	Buff_306_cast			火系抗性+0.1	17	0	0	0	0	0	0	102	-0.1	1	999	5
288	288	3		Buff_305_cast		水系抗性+0.1	17	0	0	0	0	0	0	103	-0.1	1	999	5
289	289	3		Buff_305_cast		水系抗性+0.1	17	0	0	0	0	0	0	103	-0.1	1	999	5
290	290	3	Buff_307_cast			无系抗性+0.1	17	0	0	0	0	0	0	100	-0.1	1	999	5
291	291	3	Buff_307_cast			无系抗性+0.1	17	0	0	0	0	0	0	100	-0.1	1	999	5
292	292	3	Buff_304_cast			水系伤害+0.2	6	0	0	0	0	0	0	203	0.2	1	999	5
293	293	2				治疗效果-	18	0	0	0	0	0	0	16	-0.1	1	20	1
294	294	2				治疗效果-	18	0	0	0	0	0	0	16	-0.15	1	20	1
295	295	2	Buff_315_cast			无抗-	17	0	0	0	0	0	0	100	0.6	1	30	1
296	296	2	Buff_315_cast			无抗-	17	0	0	0	0	0	0	100	0.8	1	30	1
297	297	2				治疗效果-	18	0	0	0	0	0	0	16	-0.15	1	10	2
298	298	2				治疗效果-	18	0	0	0	0	0	0	16	-0.25	1	10	2
299	299	2	Buff_108_cast			物防-	1	3	0	-0.02-0.0007*%d	0	0	0	0	0	1	30	5
300	300	2	Buff_108_cast			物防-	1	3	0	-0.035-0.0007*%d	0	0	0	0	0	1	30	5
301	301	3	Buff_306_cast			火抗+	17	0	0	0	0	0	0	102	-0.08-0.001*%d	1	999	1
302	302	3	Buff_306_cast			火抗+	17	0	0	0	0	0	0	102	-0.12-0.001*%d	1	999	1
303	303	1	Buff_303_cast			火伤+	6	0	0	0	0	0	0	202	0.25	1	10	2
304	304	1	Buff_303_cast			火伤+	6	0	0	0	0	0	0	202	0.35	1	10	2
305	305	1	Buff_103_cast			技攻+	14	2	0	0.05	0	0	0	0	0	1	15	2
306	306	2	Buff_309_cast			风伤-	6	0	0	0	0	0	0	201	-0.03-0.001*%d	1	15	2
307	307	2	Buff_309_cast			风伤-	6	0	0	0	0	0	0	201	-0.03-0.001*%d	1	15	2
308	308	2		Buff_518_fire		沉默5s	15	0	0	0	0	0	0	8	0	1	5	5
309	309	2		Buff_518_fire		沉默5s	15	0	0	0	0	0	0	8	0	1	5	5
310	310	2				治疗效果-	18	0	0	0	0	0	0	16	-0.1	1	5	1
311	311	2	Buff_108_cast			物防-	1	3	0	-0.04	0	0	0	0	0	1	25	4
312	312	1	Buff_102_cast			物防+	1	3	0	0.12+0.002*%d	0	0	0	0	0	1	3	1
313	313	1	Buff_102_cast			物防+	1	3	0	0.12+0.002*%d	0	0	0	0	0	1	3	1
314	314	1	Buff_204_cast			怒气+	16	10	1	10	0	0	0	0	0	3	3	1
315	315	1	Buff_204_cast			怒气+	16	10	1	10	0	0	0	0	0	3	3	1
316	316	3	Buff_101_cast			攻击+	9	1	0	0.08+0.001*%d	0	0	0	0	0	1	999	1
317	317	3	Buff_101_cast			攻击+	9	1	0	0.03+0.001*%d	0	0	0	0	0	1	999	1
318	318	3	Buff_101_cast			攻击+	9	1	0	0.05	0	0	0	0	0	1	999	1
319	319	3	Buff_312_cast			水伤-	6	0	0	0	0	0	0	203	-0.06-0.001*%d	1	999	1
320	320	3	Buff_312_cast			水伤-	6	0	0	0	0	0	0	203	-0.06-0.001*%d	1	999	1
321	321	3	Buff_311_cast			火伤-	6	0	0	0	0	0	0	202	-0.06-0.001*%d	1	999	1
322	322	3	Buff_103_cast			技攻提升	14	2	1	100	0	0	0	0	0	1	999	5
323	323	3	Buff_103_cast			技攻提升	14	2	1	100	0	0	0	0	0	1	999	5
324	324	1				恢复生命	4	5	0	0.05	0	0	0	0	0	6	10	5
325	325	1				恢复生命	4	5	0	0.05	0	0	0	0	0	6	10	5
326	326	2				致盲	20	0	0	0	0	0	0	6	0	1	3	5
327	327	2		Buff_519_fire		中毒	27	5	1	-50	0	0	0	0	0	4	6	5
328	328	1				回血	4	5	1	30	0	0	0	0	0	1	1	5
329	329	2		Buff_503_fire		眩晕	8	0	0	0	0	0	0	2	0	1	3	5
330	330	2		Buff_513_fire		混乱	3	0	0	0	0	0	0	7	0	1	3	5
331	331	1		Buff_505_fire		驱散debuff	25	0	0	0	0	0	0	14	0	1	1	5
332	332	1				回复生命	4	5	1	100	0	0	0	0	0	1	1	5
333	333	1				回复生命	4	5	1	100	0	0	0	0	0	1	1	5
334	334	3				反伤光环	32	0	0	0	0	0	0	17	0.2	1	999	5
335	335	2	Buff_312_cast			水属性伤害降低	6	0	0	0	0	0	0	203	-0.06-0.002*%d	1	15	3
336	336	2	Buff_312_cast			水属性伤害降低	6	0	0	0	0	0	0	203	-0.06-0.002*%d	1	15	3
337	337	1				加血效果提升	18	0	0	0	0	0	0	16	0.15	1	20	5
338	338	1		Buff_505_fire		驱除	25	0	0	0	0	0	0	14	0	1	1	5
339	339	3	Buff_312_cast			水伤降低光环	6	0	0	0	0	0	0	203	-0.05	1	1	5
340	340	2	Buff_108_cast			降低防御	1	3	0	-0.05	0	0	0	0	0	1	25	3
341	341	3	Buff_202_cast			增加闪避	28	8	0	0.1+0.001*%d	0	0	0	0	0	1	999	5
342	342	3	Buff_202_cast			增加闪避	28	8	0	0.05	0	0	0	0	0	1	999	5
344	344	3	Buff_310_cast			无系伤害降低光环	6	0	0	0	0	0	0	200	-0.1-0.001*%d	1	999	5
345	345	1	Buff_201_cast			暴击提升	12	6	0	0.4	0	0	0	0	0	1	3	1
346	346	1	Buff_201_cast			暴击提升	12	6	0	0.6	0	0	0	0	0	1	3	1
347	347	2		Buff_518_fire		沉默5	15	0	0	0	0	0	0	8	0	1	5	5
348	348	2				点燃5-200	27	5	1	-200	0	0	0	0	0	5	5	5
349	349	2		Buff_518_fire		沉默5	15	0	0	0	0	0	0	8	0	1	5	5
350	350	2	Buff_209_cast			不得怒气	24	0	0	0	0	0	0	11	0	1	5	5
351	351	2		Buff_503_fire		眩晕	8	0	0	0	0	0	0	2	0	1	2	5
352	352	1				回血	4	5	0	0.12	0	0	0	0	0	1	1	5
353	353	2				点燃5-200	27	5	1	-200	0	0	0	0	0	5	5	5
354	354	1				回血、加暴击	4	5	0	0.6	6	1	30	0	0	1	5	5
355	355	1				回血0.1	4	5	0	0.1	0	0	0	0	0	1	1	5
356	356	2		Buff_513_fire		混乱3s	3	0	0	0	0	0	0	7	0	1	3	5
357	357	2	Buff_107_cast			体术-15、防御-20、10s	9	1	0	-0.15	3	0	-0.2	0	0	1	10	5
358	358	2		Buff_519_fire		中毒5-250	27	5	1	-250	0	0	0	0	0	5	5	5
359	359	1				回血0.1	4	5	0	0.1	0	0	0	0	0	1	1	5
360	360	1	Buff_202_cast			闪避5-30	28	8	1	30	0	0	0	0	0	1	5	5
361	361	2		Buff_520_fire		点燃5-260	27	5	1	-260	0	0	0	0	0	5	5	5
362	362	2	Buff_209_cast			减怒气200	19	10	1	-200	0	0	0	0	0	1	1	5
363	363	1				回血0.2	4	5	0	0.2	0	0	0	0	0	1	1	5
364	364	2	Buff_209_cast			怒气-40	19	10	1	-40	0	0	0	0	0	1	1	5
365	365	2		Buff_518_fire		沉默3	15	0	0	0	0	0	0	8	0	1	3	5
366	366	2		Buff_503_fire		眩晕3	8	0	0	0	0	0	0	2	0	1	3	5
367	367	1	Buff_102_cast			防御+1000-2s	1	3	1	1000	0	0	0	0	0	1	2	5
368	368	1	Buff_104_cast			技防+1000-2s	1	4	1	1000	0	0	0	0	0	1	2	5
369	369	2		Buff_520_fire		点燃5-280	27	5	1	-280	0	0	0	0	0	5	5	5
370	370	2		Buff_520_fire		点燃5-260	27	5	1	-260	0	0	0	0	0	5	5	5
371	371	2		Buff_520_fire		点燃5-280	27	5	1	-280	0	0	0	0	0	5	5	5
372	372	1	Buff_105_cast			双攻+5-15	9	1	0	0.05	2	0	0.05	0	0	1	15	5
373	373	2		Buff_503_fire		眩晕3	8	0	0	0	0	0	0	2	0	1	3	5
374	374	1	Buff_106_cast			双防+5-15	1	3	0	0.05	4	0	0.05	0	0	1	15	5
375	375	2		Buff_520_fire		点燃5-280	27	5	1	-280	0	0	0	0	0	5	5	5
376	376	2		Buff_520_fire		伤害200	27	5	1	-200	0	0	0	0	0	1	1	5
377	377	2		Buff_520_fire		伤害500	27	5	1	-500	0	0	0	0	0	1	1	5
378	378	2				伤害0.4	27	5	0	-0.4	0	0	0	0	0	1	1	5
379	379	1				回血0.2	4	5	0	0.2	0	0	0	0	0	1	1	5
380	380	2		Buff_503_fire		眩晕3	8	0	0	0	0	0	0	2	0	1	3	5
381	381	1	Buff_102_cast			防御+1000-2s	1	3	1	1000	0	0	0	0	0	1	2	5
382	382	1	Buff_104_cast			技防+1000-2s	1	4	1	1000	0	0	0	0	0	1	2	5
383	383	1	Buff_101_cast			体术+0.2-5	9	1	0	0.2	0	0	0	0	0	1	5	5
384	384	1				回血0.2	4	5	0	0.2	0	0	0	0	0	1	1	5
385	385	2		Buff_519_fire		中毒5-260	27	5	1	-260	0	0	0	0	0	5	5	5
386	386	1	Buff_204_cast			怒气+100	19	10	1	100	0	0	0	0	0	1	1	5
387	387	2		Buff_519_fire		中毒5-260	27	5	1	-260	0	0	0	0	0	5	5	5
388	388	2		Buff_519_fire		中毒3-500	27	5	1	-500	0	0	0	0	0	3	3	5
389	389	2		Buff_520_fire		伤害-1	27	5	0	-1	0	0	0	0	0	1	1	5
390	390	2		Buff_519_fire		中毒2-100	27	5	1	-100	0	0	0	0	0	2	2	5
391	391	2		Buff_519_fire		中毒5-260	27	5	1	-260	0	0	0	0	0	11	10	5
392	392	1				回血100	4	5	1	800	0	0	0	0	0	1	1	5
393	393	2		Buff_520_fire		点燃5-50	27	5	1	-50	0	0	0	0	0	5	5	5
394	394	2		Buff_519_fire		中毒3-100	27	5	1	-100	0	0	0	0	0	3	3	5
395	395	2		Buff_519_fire		中毒10-300	27	5	1	-300	0	0	0	0	0	10	10	5
396	396	2		Buff_519_fire		中毒5-200	27	5	1	-200	0	0	0	0	0	5	5	5
397	397	1				回血0.5	4	5	0	0.5	0	0	0	0	0	1	1	5
398	398	2		Buff_520_fire		点燃3-2-160	27	5	1	-160	0	0	0	0	0	2	3	5
399	399	1				回血0.2	4	5	0	0.2	0	0	0	0	0	1	1	5
400	400	2		Buff_513_fire		混乱3s	3	0	0	0	0	0	0	7	0	1	3	5
401	401	2		Buff_513_fire		混乱5	3	0	0	0	0	0	0	7	0	1	5	5
402	402	1				回血0.6	4	5	0	0.6	0	0	0	0	0	1	1	5
403	403	2		Buff_520_fire		点燃5-3-150	27	5	1	-150	0	0	0	0	0	3	5	5
404	404	2		Buff_513_fire		混乱3s	3	0	0	0	0	0	0	7	0	1	3	5
405	405	2		Buff_520_fire		点燃5-2-100	27	5	1	-100	0	0	0	0	0	3	5	5
406	406	2		Buff_520_fire		伤害0.6	27	5	0	-0.6	0	0	0	0	0	1	1	5
407	407	2		Buff_520_fire		伤害0.4	27	5	0	-0.4	0	0	0	0	0	1	1	5
408	408	2				致盲3	20	0	0	0	0	0	0	6	0	1	3	5
409	409	1				回血0.2	4	5	0	0.2	0	0	0	0	0	1	1	5
410	410	1				回血0.6	4	5	0	0.6	0	0	0	0	0	1	1	5
411	411	1				回血0.15	4	5	0	0.15	0	0	0	0	0	1	1	5
412	412	1	Buff_201_cast			暴击0.2-5	11	6	0	0.2	0	0	0	0	0	1	5	5
413	413	1	Buff_201_cast			暴击0.5-6	11	6	0	0.5	0	0	0	0	0	1	6	5
414	414	2		Buff_520_fire		伤害1.5	27	5	0	-1.5	0	0	0	0	0	1	1	5
415	415	1	Buff_106_cast			双防0.3-6	1	3	0	0.3	4	0	0.3	0	0	1	6	5
416	416	2		Buff_520_fire		伤害0.6	27	5	0	-0.6	0	0	0	0	0	1	1	5
417	417	1				回血0.6	4	5	0	0.6	0	0	0	0	0	1	1	5
418	418	1				回血0.6	4	5	0	0.6	0	0	0	0	0	1	1	5
419	419	2				伤害0.4	27	5	0	-0.4	0	0	0	0	0	1	1	5
420	420	1				回血0.6	4	5	0	0.6	0	0	0	0	0	1	1	5
421	421	1				回血0.6	4	5	0	0.6	0	0	0	0	0	1	1	5
422	422	1				回血0.15	4	5	0	0.15	0	0	0	0	0	1	1	5
423	423	1	Buff_101_cast			提升体术	9	1	0	0.03+0.001*%d	0	0	0	0	0	1	60	4
424	424	1	Buff_101_cast			提升体术	9	1	0	0.03+0.001*%d	0	0	0	0	0	1	60	4
425	425	1		Buff_517_fire		回血	4	5	0	0.65	0	0	0	0	0	1	1	5
426	426	1		Buff_505_fire		驱散	25	0	0	0	0	0	0	14	0	1	1	5
427	427	1		Buff_517_fire		回血	4	5	1	100	5	0	0.05	0	0	1	1	5
428	428	2		Buff_503_fire		眩晕	8	0	0	0	0	0	0	2	0	1	0.1	5
429	429	3				吸血	13	0	0	0	0	0	0	10	0.15	1	999	5
430	430	2	Buff_107_cast			体术-0.1、15s	9	1	0	-0.1	0	0	0	0	0	1	15	2
431	431	2	Buff_107_cast			体术-0.2、15s	9	1	0	-0.2	0	0	0	0	0	1	15	2
432	432	1	Buff_306_cast			火系防御+	17	0	0	0	0	0	0	102	-0.03-0.001*%d	1	20	3
433	433	1	Buff_306_cast			火系防御+	17	0	0	0	0	0	0	102	-0.03-0.001*%d	1	20	5
434	434	1	Buff_305_cast			水系防御+	17	0	0	0	0	0	0	103	-0.03-0.001*%d	1	20	3
435	435	1	Buff_305_cast			水系防御+	17	0	0	0	0	0	0	103	-0.03-0.001*%d	1	20	5
436	436	3				自身反伤	32	0	0	0	0	0	0	17	0.1+0.002*%d	1	999	5
437	437	3				自身反伤	32	0	0	0	0	0	0	17	0.12+0.002*%d	1	999	5
438	438	1				回血	4	5	0	0.05+0.001*%d	0	0	0	0	0	1	1	5
439	439	1				回血	4	5	0	0.05+0.001*%d	0	0	0	0	0	1	1	5
440	440	1	Buff_305_cast			水系防御+	17	0	0	0	0	0	0	103	-0.05	1	12	3
441	441	1	Buff_305_cast			水系防御+	17	0	0	0	0	0	0	103	-0.05	1	12	3
442	442	1	Buff_308_cast			风系防御+	17	0	0	0	0	0	0	101	-0.05	1	12	3
443	443	1		Buff_503_fire		眩晕3s	8	0	0	0	0	0	0	2	0	1	3	5
444	444	1	Buff_101_cast			体术+2%-10s	9	1	0	0.02	0	0	0	0	0	1	10	5
445	445	2		Buff_519_fire		中毒5s-120	27	5	1	-120	0	0	0	0	0	5	5	5
446	446	2		Buff_503_fire		眩晕0.1s	8	0	0	0	0	0	0	2	0	1	0.1	5
447	447	3				自身吸血0.15	13	0	0	0	0	0	0	10	0.15	1	999	5
448	448	2	Buff_209_cast			降低怒气50	19	10	1	-50	0	0	0	0	0	1	1	5
449	449	2				致盲3s	20	0	0	0	0	0	0	6	0	1	3	5
450	450	2		Buff_520_fire		点燃5s-120	27	5	1	-120	0	0	0	0	0	5	5	5
451	451	1	Buff_106_cast			双防+0.05	1	3	0	0.05	4	0	0.05	0	0	1	10	5
452	452	1				回血100+0.05	4	5	1	100	5	0	0.05	0	0	1	1	5
453	453	1	Buff_101_cast			体术1-3s	9	1	0	1	0	0	0	0	0	1	3	5
454	454	1	Buff_102_cast			防御+0.05-15s	1	3	0	0.05	0	0	0	0	0	1	15	5
455	455	1	Buff_202_cast			闪避+0.25-10s	28	8	0	0.25	0	0	0	0	0	1	10	5
456	456	2		Buff_520_fire		伤害1	27	5	0	-0.8	0	0	0	0	0	1	1	5
457	457	1	Buff_201_cast			暴击0.25-5s	11	6	0	0.25	0	0	0	0	0	1	5	5
458	458	2		Buff_513_fire		混乱3s	3	0	0	0	0	0	0	7	0	1	3	5
459	459	2		Buff_503_fire		眩晕2s	8	0	0	0	0	0	0	2	0	1	2	5
460	460	1				回血50+0.05	4	5	0	0.05	5	1	50	0	0	1	1	5
461	461	2		Buff_503_fire		眩晕2s	8	0	0	0	0	0	0	2	0	1	2	5
462	462	1	Buff_102_cast			防御+∞-5s	1	3	0	100	0	0	0	0	0	1	5	5
463	463	1	Buff_102_cast			防御+∞-5s	1	3	0	100	0	0	0	0	0	1	5	5
464	464	2		Buff_503_fire		眩晕3s	8	0	0	0	0	0	0	2	0	1	3	5
465	465	1	Buff_104_cast			技防+∞-5s	1	4	0	100	0	0	0	0	0	1	5	5
466	466	1				回血0.65	4	5	0	0.65	0	0	0	0	0	1	1	5
467	467	1		Buff_505_fire		驱散	25	0	0	0	0	0	0	14	0	1	1	5
468	468	1				回血100+0.05	4	5	1	100	5	0	0.005	0	0	1	1	5
469	469	1	Buff_101_cast			防御+	9	1	0	0.4+0.005*%d	0	0	0	0	0	1	10	1
470	470	1	Buff_101_cast			防御+	9	1	0	0.4+0.005*%d	0	0	0	0	0	1	20	1
471	471	2	Buff_309_cast			风伤-	6	0	0	0	0	0	0	201	-0.02-0.001*%d	1	20	5
472	472	2	Buff_309_cast			风伤-	6	0	0	0	0	0	0	201	-0.02-0.001*%d	1	20	5
473	473	2	Buff_311_cast			火系伤害-	6	0	0	0	0	0	0	202	-0.02-0.001*%d	1	20	5
474	474	2	Buff_311_cast			火系伤害-	6	0	0	0	0	0	0	202	-0.02-0.001*%d	1	20	5
475	475	2	Buff_312_cast			水系伤害-	6	0	0	0	0	0	0	203	-0.02-0.001*%d	1	20	5
476	476	2	Buff_312_cast			水系伤害-	6	0	0	0	0	0	0	203	-0.02-0.001*%d	1	20	5
477	477	2	Buff_310_cast			无系伤害-	6	0	0	0	0	0	0	200	-0.02-0.001*%d	1	20	5
478	478	2	Buff_310_cast			无系伤害-	6	0	0	0	0	0	0	200	-0.02-0.001*%d	1	20	5
479	479	3	Buff_202_cast			闪避+	28	8	0	0.1+0.003*%d	0	0	0	0	0	1	999	5
480	480	3	Buff_202_cast			闪避+	28	8	0	0.1+0.003*%d	0	0	0	0	0	1	999	5
481	481	2	Buff_112_cast			双防-0.2	1	3	0	-0.2	4	0	-0.2	0	0	1	30	10
482	482	2	Buff_112_cast			双防-0.2	1	3	0	-0.2	4	0	-0.2	0	0	1	30	10
483	483	1	Buff_101_cast			防御+	9	1	0	0.03+0.001*%d	0	0	0	0	0	1	30	10
484	484	1	Buff_101_cast			防御+	9	1	0	0.05+0.001*%d	0	0	0	0	0	1	30	10
485	485	2	Buff_108_cast			防御-0.2-5s	2	3	0	-0.2	0	0	0	0	0	1	30	1
486	486	2	Buff_108_cast			防御-0.2-5s	2	3	0	-0.3	0	0	0	0	0	1	30	1
487	487	1	Buff_201_cast			暴击+0.3-3s	11	6	0	0.25	0	0	0	0	0	1	3	1
488	488	1	Buff_201_cast			暴击+0.3-5s	11	6	0	0.3	0	0	0	0	0	1	5	1
489	489	2		Buff_513_fire		混乱3s	3	0	0	0	0	0	0	7	0	1	4	5
490	490	2		Buff_513_fire		混乱5s	3	0	0	0	0	0	0	7	0	1	6	5
491	491	2	Buff_110_cast			技防-0.15-10s	5	4	0	-0.08	0	0	0	0	0	1	10	5
492	492	2	Buff_110_cast			技防-0.15-10s	5	4	0	-0.08	0	0	0	0	0	1	10	5
493	493	3	Buff_203_cast			免伤提升	30	12	1	0.05+0.001*%d	0	0	0	0	0	1	999	5
494	494	3	Buff_203_cast			免伤提升	30	12	1	0.05+0.001*%d	0	0	0	0	0	1	999	5
495	495	3	Buff_301_cast			风伤+	6	0	0	0	0	0	0	201	0.08+0.002*%d	1	999	5
496	496	3	Buff_302_cast			无系伤害+	6	0	0	0	0	0	0	200	0.08+0.002*%d	1	999	5
497	497	3	Buff_312_cast			水系伤害-	6	0	0	0	0	0	0	203	-0.1	1	999	5
498	498	2		Buff_513_fire		混乱3s	3	0	0	0	0	0	0	7	0	1	3	5
499	499	2				伤害	27	5	0	-0.06-0.0006*%d	0	0	0	0	0	1	1	10
500	500	2				伤害	27	5	0	-0.06-0.0006*%d	0	0	0	0	0	1	1	10
501	501	1	Buff_302_cast			无系伤害+	6	0	0	0	0	0	0	200	0.08	1	10	1
502	502	2		Buff_518_fire		沉默3s	15	0	0	0	0	0	0	8	0	1	3	5
503	503	2		Buff_518_fire		沉默3s	15	0	0	0	0	0	0	8	0	1	3	5
504	504	1	Buff_306_cast			火系抗性+	17	0	0	0	0	0	0	102	-0.15	1	10	1
505	505	1	Buff_306_cast			火系抗性+	17	0	0	0	0	0	0	102	-0.15	1	15	1
506	506	1	Buff_106_cast			双防+0.03	1	3	0	0.02	4	0	0.03	0	0	1	30	5
507	507	1	Buff_106_cast			双防+0.04	1	3	0	0.03	4	0	0.04	0	0	1	30	5
508	508	1				回血	4	5	0	0.35+0.0035*%d	0	0	0	0	0	1	1	5
509	509	1				回血	4	5	0	0.35+0.0035*%d	0	0	0	0	0	1	1	5
510	510	3	Buff_203_cast			免伤提升	30	12	1	0.05+0.001*%d	0	0	0	0	0	1	999	5
511	511	3	Buff_203_cast			免伤提升	30	12	1	0.05+0.001*%d	0	0	0	0	0	1	999	5
512	512	3	Buff_311_cast			火系伤害-0.1	6	0	0	0	0	0	0	202	-0.1	1	999	5
513	513	3	Buff_301_cast			风伤-	6	0	0	0	0	0	0	201	0.08+0.001*%d	1	999	5
514	514	2				伤害0.15	27	5	0	-0.18	0	0	0	0	0	1	1	5
515	515	2				伤害0.2	27	5	0	-0.25	0	0	0	0	0	1	1	5
516	516	1				回血	4	5	0	0.07+0.0007*%d	0	0	0	0	0	1	1	5
517	517	1				回血	4	5	0	0.07+0.0007*%d	0	0	0	0	0	1	1	5
518	518	1	Buff_303_cast			火系伤害+0.2-15s	6	0	0	0	0	0	0	202	0.12	1	15	3
519	519	1	Buff_303_cast			火系伤害+0.2-15s	6	0	0	0	0	0	0	202	0.12	1	15	3
520	520	1	Buff_303_cast			火系伤害+	6	0	0	0	0	0	0	202	0.05+0.001*%d	1	30	5
521	521	1	Buff_303_cast			火系伤害+	6	0	0	0	0	0	0	202	0.05+0.001*%d	1	30	10
522	522	1	Buff_102_cast			防御+0.05-5s	2	3	0	0.05	0	0	0	0	0	1	5	3
523	523	1	Buff_102_cast			防御+0.1-10s	2	3	0	0.1	0	0	0	0	0	1	10	3
524	524	3	Buff_203_cast			免伤提升	30	12	1	0.05+0.001*%d	0	0	0	0	0	1	999	5
525	525	3	Buff_203_cast			免伤提升	30	12	1	0.05+0.001*%d	0	0	0	0	0	1	999	5
526	526	3	Buff_309_cast			风伤-	6	0	0	0	0	0	0	201	-0.1	1	999	5
527	527	3	Buff_303_cast			火系伤害+	6	0	0	0	0	0	0	202	0.08+0.001*%d	1	999	5
528	528	3	Buff_112_cast	Buff_303_cast		双防-	2	3	0	%d*0.001-0.22	4	0	%d*0.001-0.22	202	0.25	1	30	3
529	529	3	Buff_112_cast	Buff_303_cast		双防-	2	3	0	%d*0.001-0.15	4	0	%d*0.001-0.15	202	0.3	1	30	3
530	530	1	Buff_204_cast			怒气+200	19	10	1	100	0	0	0	0	0	1	1	5
531	531	1	Buff_204_cast			怒气+200	19	10	1	100	0	0	0	0	0	1	1	5
532	532	1	Buff_101_cast			防御+1	9	1	0	1	0	0	0	0	0	1	10	5
533	533	3				伤害1	27	5	0	-1	0	0	0	0	0	1	1	5
534	534	1	Buff_101_cast			防御+1	9	1	0	1	0	0	0	0	0	1	10	5
535	535	3				伤害0.5	27	5	0	-0.5	0	0	0	0	0	1	1	5
536	536	1	Buff_101_cast			防御+0.1	9	1	0	0.1	0	0	0	0	0	1	12	5
537	537	2	Buff_107_cast			攻击-0.05	9	1	0	-0.05	0	0	0	0	0	1	10	1
538	538	2	Buff_112_cast			双防-0.2	2	3	0	-0.2	4	0	-0.2	0	0	1	10	1
539	539	3				伤害0.5	27	5	0	-0.5	0	0	0	0	0	1	1	5
540	540	2	Buff_111_cast			双攻-0.2	9	1	0	-0.2	2	0	0	0	0	1	10	1
541	541	2	Buff_112_cast			双防-0.2	2	3	0	-0.2	4	0	-0.2	0	0	1	10	1
542	542	3				伤害0.5	27	5	0	-0.5	0	0	0	0	0	1	1	5
543	543	2		Buff_520_fire		点燃5-3-160	27	5	1	-160	0	0	0	0	0	3	5	5
544	544	3				伤害0.7	27	5	0	-0.7	0	0	0	0	0	1	1	5
545	545	2	Buff_108_cast			物防-0.2	2	3	0	-0.17	0	0	0	0	0	1	20	2
546	546	2	Buff_108_cast			物防-0.4	2	3	0	-0.25	0	0	0	0	0	1	20	2
547	547	2	Buff_108_cast			物防-0.4	2	3	0	-0.18	0	0	0	0	0	1	30	1
548	548	2	Buff_108_cast			物防-0.6	2	3	0	-0.24	0	0	0	0	0	1	30	1
549	549	1	Buff_101_cast			物攻+	35	1	0	0.3+0.002*%d	0	0	0	0	0	1	999	5
550	550	1	Buff_101_cast			物攻+	35	1	0	0.4+0.002*%d	0	0	0	0	0	1	999	5
551	551	3				回血	36	5	0	1+0.01*%d	0	0	0	0	0	111	888	5
552	552	3				回血	36	5	0	1+0.01*%d	0	0	0	0	0	111	888	5
553	553	3				回血5次	4	5	0	0.12+0.0012*%d	0	0	0	0	0	5	5	5
554	554	3				回血5次	4	5	0	0.12+0.0012*%d	0	0	0	0	0	5	5	5
555	555	1		Buff_505_fire		驱散	25	0	0	0	0	0	0	14	0	1	1	5
556	556	1		Buff_505_fire		驱散	25	0	0	0	0	0	0	14	0	1	1	5
557	557	1	Buff_306_cast			火系抗性+	17	0	0	0	0	0	0	102	-0.25	1	30	1
558	558	1	Buff_306_cast			火系抗性+	17	0	0	0	0	0	0	102	-0.45	1	30	1
559	559	2	Buff_311_cast			火系伤害-0.45	6	0	0	0	0	0	0	202	-0.45	1	60	1
560	560	2	Buff_311_cast			火系伤害-0.7	6	0	0	0	0	0	0	202	-0.7	1	60	1
561	561	3				回血	4	5	0	0.07+0.006*%d	0	0	0	0	0	1	1	5
562	562	3				回血	4	5	0	0.07+0.006*%d	0	0	0	0	0	1	1	5
563	563	1		Buff_505_fire		驱散	25	0	0	0	0	0	0	14	0	1	1	5
564	564	3				反伤	32	0	0	0	0	0	0	17	0.6+0.006*%d	1	15	1
565	565	3				反伤	32	0	0	0	0	0	0	17	0.6+0.006*%d	1	20	1
566	566	1	Buff_301_cast			风伤+	6	0	0	0	0	0	0	201	0.03+0.002*%d	1	60	5
567	567	1	Buff_301_cast			风伤+	6	0	0	0	0	0	0	201	0.03+0.002*%d	1	60	5
568	568	1	Buff_308_cast			风系抗性+	17	0	0	0	0	0	0	101	-0.03-0.002*%d	1	60	5
569	569	1	Buff_308_cast			风系抗性+	17	0	0	0	0	0	0	101	-0.03-0.002*%d	1	60	5
570	570	2	Buff_315_cast			无系抗性-0.6	17	0	0	0	0	0	0	100	0.6	1	30	1
571	571	2	Buff_315_cast			无系抗性-0.8	17	0	0	0	0	0	0	100	0.8	1	30	1
572	572	2		Buff_503_fire		眩晕2s	8	0	0	0	0	0	0	2	0	1	2	5
573	573	2		Buff_503_fire		眩晕3s	8	0	0	0	0	0	0	2	0	1	3	5
574	574	2	Buff_108_cast			物防-	2	3	0	-0.02-0.002*%d	0	0	0	0	0	1	30	5
575	575	2	Buff_108_cast			物防-	2	3	0	-0.04-0.002*%d	0	0	0	0	0	1	30	5
576	576	3	Buff_302_cast			无系伤害+	6	0	0	0	0	0	0	200	0.1+0.001*%d	1	999	5
577	577	3	Buff_302_cast			无系伤害+	6	0	0	0	0	0	0	200	0.15+0.001*%d	1	999	5
578	578	3				回血	4	5	0	0.35+0.0035*%d	0	0	0	0	0	1	1	5
579	579	3				回血	4	5	0	0.5+0.0035*%d	0	0	0	0	0	1	1	5
580	580	2		Buff_513_fire		混乱4s	3	0	0	0	0	0	0	7	0	1	4	5
581	581	1	Buff_101_cast			物攻+0.3	9	1	0	0.3	0	0	0	0	0	1	3	1
582	582	1	Buff_101_cast			物攻+0.3	9	1	0	0.3	0	0	0	0	0	1	3	1
583	583	1	Buff_104_cast			技防+0.3	1	4	0	0.3	0	0	0	0	0	1	3	1
584	584	1	Buff_104_cast			技防+0.3	1	4	0	0.3	0	0	0	0	0	1	3	1
585	585	1				反伤	32	0	0	0	0	0	0	17	1+0.01*%d	1	3	1
586	586	1				反伤	32	0	0	0	0	0	0	17	1+0.01*%d	1	3	1
587	587	3				回血	4	5	0	1.5+0.02*%d	0	0	0	0	0	1	1	5
588	588	3				回血	4	5	0	1.5+0.02*%d	0	0	0	0	0	1	1	5
589	589	1	Buff_101_cast			物攻+0.1	9	1	0	0.1	0	0	0	0	0	1	10	5
590	590	3				反伤	32	0	0	0	0	0	0	17	0.1+0.001*%d	1	999	5
591	591	3				反伤	32	0	0	0	0	0	0	17	0.15+0.001*%d	1	999	5
592	592	3	Buff_303_cast			火系伤害+	6	0	0	0	0	0	0	202	0.1+0.001*%d	1	999	5
593	593	3	Buff_303_cast			火系伤害+	6	0	0	0	0	0	0	202	0.1+0.001*%d	1	999	5
594	594	3	Buff_308_cast			风系抗性+	17	0	0	0	0	0	0	101	-0.05	1	999	5
595	595	3	Buff_307_cast			无系抗性+	17	0	0	0	0	0	0	100	-0.05	1	999	5
596	596	1	Buff_307_cast			无系抗性+	17	0	0	0	0	0	0	100	-0.15	1	10	1
597	597	1	Buff_307_cast			无系抗性+	17	0	0	0	0	0	0	100	-0.15	1	15	1
598	598	1				加血	4	5	0	0.2	0	0	0	0	0	5	5	5
599	599	3				加血	4	5	0	0.6+0.006*%d	0	0	0	0	0	1	1	1
600	600	3				加血	4	5	0	0.6+0.006*%d	0	0	0	0	0	1	1	1
601	601	1	Buff_106_cast			双防+0.2	1	3	0	0.2	4	0	0.2	0	0	1	10	1
602	602	1	Buff_106_cast			双防+0.25	1	3	0	0.25	4	0	0.25	0	0	1	10	1
603	603	2		Buff_503_fire		眩晕2s	8	0	0	0	0	0	0	2	0	1	2	5
604	604	2		Buff_503_fire		眩晕3s	8	0	0	0	0	0	0	2	0	1	3	5
605	605	3				回血	4	5	0	3+0.03*%d	0	0	0	0	0	1	1	5
606	606	3				回血	4	5	0	3+0.03*%d	0	0	0	0	0	1	1	5
607	607	2	Buff_111_cast			双攻-0.1	9	1	0	-0.1	2	0	-0.1	0	0	1	30	3
608	608	2	Buff_111_cast			双攻-0.1	9	1	0	-0.1	2	0	-0.1	0	0	1	30	3
609	609	3				回血	4	5	0	1+0.01*%d	0	0	0	0	0	1	1	5
610	610	3				回血	4	5	0	1+0.01*%d	0	0	0	0	0	1	1	5
611	611	3	Buff_102_cast			物防+	2	3	0	0.1+0.001*%d	0	0	0	0	0	1	999	1
612	612	3	Buff_102_cast			物防+	2	3	0	0.15+0.001*%d	0	0	0	0	0	1	999	1
613	613	3				伤害	27	5	0	-0.25-0.001*%d	0	0	0	0	0	1	1	5
614	614	3				伤害	27	5	0	-0.25-0.001*%d	0	0	0	0	0	1	1	5
615	615	3				伤害	27	5	0	-0.3-0.003*%d	0	0	0	0	0	1	1	5
616	616	3				伤害	27	5	0	-0.3-0.003*%d	0	0	0	0	0	1	1	5
617	617	3	Buff_311_cast			火伤-	6	0	0	0	0	0	0	202	-0.05-0.001*%d	1	999	1
618	618	3	Buff_311_cast			火伤-	6	0	0	0	0	0	0	202	-0.08-0.001*%d	1	999	1
619	619	3				伤害	27	5	0	-0.4	0	0	0	0	0	1	1	5
620	620	3				伤害	27	5	0	-0.2	0	0	0	0	0	1	1	5
621	621	1	Buff_102_cast			物防+0.03	1	3	0	0.03	0	0	0	0	0	1	30	5
622	622	1	Buff_102_cast			物防+0.05	1	3	0	0.05	0	0	0	0	0	1	30	5
623	623	1	Buff_103_cast			技攻+	14	2	0	0.01+0.0005*%d	0	0	0	0	0	1	50	20
624	624	1	Buff_103_cast			技攻+	14	2	0	0.015+0.0005*%d	0	0	0	0	0	1	50	20
625	625	3	Buff_102_cast			物防+	1	3	0	0.04+0.0004*%d	0	0	0	0	0	1	999	1
626	626	3	Buff_102_cast			物防+	1	3	0	0.06+0.0004*%d	0	0	0	0	0	1	999	1
627	627	2	Buff_311_cast			火伤-0.05	6	0	0	0	0	0	0	202	-0.05	1	30	5
628	628	1	Buff_101_cast			攻+	9	1	0	0.4+0.005*%d	0	0	0	0	0	1	6	5
629	629	1	Buff_101_cast			物攻+	9	1	0	0.4+0.005*%d	0	0	0	0	0	1	6	5
630	630	2	Buff_112_cast			双防-0.4	1	3	0	-0.36	4	0	-0.36	0	0	1	6	5
631	631	2	Buff_112_cast			双防-0.4	1	3	0	-0.24	4	0	-0.24	0	0	1	6	5
632	632	2	Buff_311_cast			火伤-0.04	6	0	0	0	0	0	0	202	-0.04	1	30	5
633	633	2	Buff_311_cast			火伤-0.04	6	0	0	0	0	0	0	202	-0.04	1	30	5
634	634	3	Buff_103_cast			技攻+	14	2	0	0.05+0.001*%d	0	0	0	0	0	1	999	5
635	635	3	Buff_103_cast			技攻+	14	2	0	0.08+0.001*%d	0	0	0	0	0	1	999	5
636	636	3		Buff_504_fire		净化	31	0	0	0	0	0	0	13	0	1	1	1
637	637	3		Buff_504_fire		净化	31	0	0	0	0	0	0	13	0	1	1	1
638	638	3		Buff_505_fire		加血、驱散	25	5	0	1+0.01*%d	0	0	0	14	0	1	1	5
639	639	3		Buff_505_fire		加血、驱散	25	5	0	1+0.01*%d	0	0	0	14	0	1	1	5
640	640	3				加血	4	5	0	0.1	0	0	0	0	0	1	1	5
641	641	3				加血	4	5	0	0.1	0	0	0	0	0	1	1	5
642	642	1	Buff_104_cast			技防+	5	4	0	0.1+0.001*%d	0	0	0	0	0	1	1	5
643	643	1	Buff_104_cast			技防+	5	4	0	0.15+0.001*%d	0	0	0	0	0	1	1	5
644	644	3				伤害	27	5	0	-0.01	0	0	0	0	0	1	1	5
645	645	3				伤害	27	5	0	-0.01	0	0	0	0	0	1	1	5
646	646	2		Buff_503_fire		眩晕3	8	0	0	0	0	0	0	2	0	1	3	5
647	647	2		Buff_503_fire		眩晕4	8	0	0	0	0	0	0	2	0	1	4	5
648	648	2	Buff_316_cast			风抗-0.1	17	0	0	0	0	0	0	101	0.1	1	15	3
649	649	2	Buff_316_cast			风抗-0.1	17	0	0	0	0	0	0	101	0.1	1	15	3
650	650	3	Buff_301_cast			风伤+	6	0	0	0	0	0	0	201	0.08+0.0005*%d	1	999	1
651	651	3	Buff_301_cast			风伤+	6	0	0	0	0	0	0	201	0.12+0.0005*%d	1	999	1
652	652	1	Buff_301_cast			风伤+	6	0	0	0	0	0	0	201	0.02+0.0002*%d	1	15	5
653	653	1	Buff_301_cast			风伤+	6	0	0	0	0	0	0	201	0.03+0.0002*%d	1	15	5
654	654	1				回血	4	5	0	0.16+%d*0.0016	0	0	0	0	0	5	5	5
655	655	1				回血	4	5	0	0.16+%d*0.0016	0	0	0	0	0	5	5	5
656	656	1	Buff_104_cast			技防+0.12	5	4	0	0.12	0	0	0	0	0	1	30	3
657	657	1	Buff_104_cast			技防+0.18	5	4	0	0.18	0	0	0	0	0	1	30	3
658	658	1				回血	4	5	0	1.2+%d*0.009	0	0	0	0	0	1	1	5
659	659	1				回血	4	5	0	1.2+%d*0.009	0	0	0	0	0	1	1	5
660	660	1	Buff_105_cast			双攻+	9	1	0	0.05	2	0	0.05	0	0	1	15	3
661	661	1	Buff_105_cast			双攻+	9	1	0	0.05	2	0	0.05	0	0	1	30	3
662	662	1	Buff_106_cast			双防+	1	3	0	0.05	4	0	0.05	0	0	1	15	3
663	663	1	Buff_106_cast			双防+	1	3	0	0.05	4	0	0.05	0	0	1	30	3
664	664	1				回血	4	5	0	0.1	0	0	0	0	0	1	1	5
665	665	1				回血	4	5	0	0.1	0	0	0	0	0	1	1	5
666	666	1	Buff_104_cast			技防+	5	4	0	0.02	0	0	0	0	0	1	30	5
667	667	1	Buff_104_cast			技防+	5	4	0	0.02	0	0	0	0	0	1	30	5
668	668	1				回血	4	5	0	0.05+%d*0.0005	0	0	0	0	0	1	1	5
669	669	1				回血	4	5	0	0.05+%d*0.0005	0	0	0	0	0	1	1	5
670	670	1	Buff_104_cast			技防+	5	4	0	0.03	0	0	0	0	0	1	20	10
671	671	1	Buff_104_cast			技防+	5	4	0	0.03	0	0	0	0	0	1	20	10
672	672	2	Buff_312_cast			水伤-	6	0	0	0	0	0	0	203	-0.1-%d*0.001	1	999	1
673	673	2	Buff_312_cast			水伤-	6	0	0	0	0	0	0	203	-0.1-%d*0.001	1	999	1
674	674	1	Buff_104_cast			技防+	5	4	0	0.05	0	0	0	0	0	1	999	1
675	675	2				治疗效果-	18	0	0	0	0	0	0	16	-0.45	1	3	1
676	676	2				治疗效果-	18	0	0	0	0	0	0	16	-0.08	1	45	3
677	677	1	Buff_204_cast			怒气+100	19	10	1	100	0	0	0	0	0	1	1	5
678	678	1	Buff_204_cast			怒气+150	19	10	1	150	0	0	0	0	0	1	1	5
679	679	2				怒气获取-0.4	19	0	0	0	0	0	0	12	-0.4	1	5	1
680	680	2				怒气获取-0.7	19	0	0	0	0	0	0	12	-0.7	1	5	1
681	681	1	Buff_204_cast			怒气+20	19	10	1	20	0	0	0	0	0	1	1	5
682	682	1	Buff_204_cast			怒气+20	19	10	1	20	0	0	0	0	0	1	1	5
683	683	1	Buff_204_cast			怒气+8	19	10	1	8	0	0	0	0	0	1	1	5
684	684	1	Buff_204_cast			怒气+10	19	10	1	10	0	0	0	0	0	1	1	5
685	685	2				伤害	27	5	0	-0.25-%d*0.0025	0	0	0	0	0	1	1	5
686	686	2				伤害	27	5	0	-0.25-%d*0.0025	0	0	0	0	0	1	1	5
687	687	1	Buff_104_cast			技防+	5	4	0	0.02+%d*0.0002	0	0	0	0	0	1	30	20
688	688	1	Buff_104_cast			技防+	5	4	0	0.02+%d*0.0002	0	0	0	0	0	1	30	20
689	689	3		Buff_505_fire		驱散	25	0	0	0	0	0	0	14	0	1	1	1
690	690	3		Buff_505_fire		驱散	25	0	0	0	0	0	0	14	0	1	1	1
691	691	1				加血	4	5	0	0.04+%d*0.0004	0	0	0	0	0	5	5	5
692	692	1				加血	4	5	0	0.04+%d*0.0004	0	0	0	0	0	5	5	5
693	693	1	Buff_307_cast			无抗+	17	0	0	0	0	0	0	100	-0.2	1	30	1
694	694	1	Buff_307_cast			无抗+	17	0	0	0	0	0	0	100	-0.3	1	30	1
695	695	1				加血	4	5	0	0.1	0	0	0	0	0	1	1	5
696	696	1				加血	4	5	0	0.1	0	0	0	0	0	1	1	5
697	697	1				加血	4	5	0	0.15+%d*0.001	0	0	0	0	0	1	1	5
698	698	1				加血	4	5	0	0.2+%d*0.001	0	0	0	0	0	1	1	5
699	699	1				治疗效果+	18	0	0	0	0	0	0	16	0.1+%d*0.001	1	999	1
700	700	1				治疗效果+	18	0	0	0	0	0	0	16	0.15+%d*0.001	1	999	1
701	701	1	Buff_103_cast			技攻+	14	2	0	0.02+%d*0.0005	0	0	0	0	0	1	20	5
702	702	1	Buff_103_cast			技攻+	14	2	0	0.04+%d*0.0005	0	0	0	0	0	1	20	5
703	703	2	Buff_108_cast			防御-0.15-10	1	3	0	-0.15	0	0	0	0	0	1	10	2
704	704	2	Buff_108_cast			防御-0.25-20	1	3	0	-0.25	0	0	0	0	0	1	20	2
705	705	2	Buff_108_cast			防御-0.25-15	1	3	0	-0.25	0	0	0	0	0	1	15	1
706	706	2	Buff_108_cast			防御-0.35-15	1	3	0	-0.35	0	0	0	0	0	1	15	1
707	707	3	Buff_101_cast			攻击+	9	1	0	0.35+%d*0.0025	0	0	0	0	0	1	999	1
708	708	3	Buff_101_cast			攻击+	9	1	0	0.35+%d*0.0025	0	0	0	0	0	1	999	1
709	709	3				加血	4	5	0	1+0.01*%d	0	0	0	0	0	125	999	1
710	710	3				加血	4	5	0	1+0.01*%d	0	0	0	0	0	125	999	1
711	711	1	Buff_101_cast			攻击+	9	1	0	0.35+%d*0.005	0	0	0	0	0	1	10	1
712	712	1	Buff_101_cast			攻击+	9	1	0	0.35+%d*0.005	0	0	0	0	0	1	15	1
713	713	1	Buff_201_cast			暴击+	11	6	0	0.35+%d*0.005	0	0	0	0	0	1	10	1
714	714	1	Buff_201_cast			暴击+	11	6	0	0.35+%d*0.005	0	0	0	0	0	1	15	1
715	715	1	Buff_202_cast			闪避+	28	8	0	0.35+%d*0.005	0	0	0	0	0	1	10	1
716	716	1	Buff_202_cast			闪避+	28	8	0	0.35+%d*0.005	0	0	0	0	0	1	15	1
717	717	3				吸血	13	0	0	0	0	0	0	10	0.4	1	15	1
718	718	2	Buff_112_cast			双防-	1	3	0	-0.1	4	0	-0.1	0	0	1	60	3
719	719	2	Buff_112_cast			双防-	1	3	0	-0.15	4	0	-0.15	0	0	1	60	3
720	720	1				治疗效果+	18	0	0	0	0	0	0	16	1.5	1	999	1
721	721	3				反伤	32	0	0	0	0	0	0	17	0.15+%d*0.004	1	999	1
722	722	3				反伤	32	0	0	0	0	0	0	17	0.20+%d*0.004	1	999	1
723	723	3	Buff_101_cast			攻击+	9	1	0	0.03+%d*0.001	0	0	0	0	0	167	999	1
724	724	3	Buff_101_cast			攻击+	9	1	0	0.03+%d*0.001	0	0	0	0	0	167	999	1
725	725	3	Buff_102_cast			防御+	1	3	0	0.1	0	0	0	0	0	1	999	1
726	726	3	Buff_102_cast			防御+	1	3	0	0.1	0	0	0	0	0	1	999	1
727	727	2	Buff_110_cast			技防-	5	4	0	-0.1	0	0	0	0	0	1	15	2
728	728	2	Buff_110_cast			技防-	5	4	0	-0.2	0	0	0	0	0	1	15	2
729	729	1	Buff_307_cast			无抗+	17	0	0	0	0	0	0	100	-0.03-%d*0.001	1	20	3
730	730	1	Buff_307_cast			无抗+	17	0	0	0	0	0	0	100	-0.03-%d*0.001	1	20	5
731	731	1	Buff_308_cast			风抗+	17	0	0	0	0	0	0	101	-0.03-%d*0.001	1	20	3
732	732	1	Buff_308_cast			风抗+	17	0	0	0	0	0	0	101	-0.03-%d*0.001	1	20	5
733	733	1	Buff_306_cast			火抗+	17	0	0	0	0	0	0	102	-0.03-%d*0.001	1	20	3
734	734	1	Buff_306_cast			火抗+	17	0	0	0	0	0	0	102	-0.03-%d*0.001	1	20	5
735	735	1	Buff_305_cast			水抗+	17	0	0	0	0	0	0	103	-0.03-%d*0.001	1	20	3
736	736	1	Buff_305_cast			水抗+	17	0	0	0	0	0	0	103	-0.03-%d*0.001	1	20	5
737	737	1	Buff_101_cast			物攻+	9	1	0	0.1+%d*0.002	0	0	0	0	0	1	999	1
738	738	1	Buff_101_cast			物攻+	9	1	0	0.1+%d*0.002	0	0	0	0	0	1	999	1
739	739	1	Buff_103_cast			技攻+	14	2	0	0.1+%d*0.002	0	0	0	0	0	1	999	1
740	740	3	Buff_103_cast			技攻+	14	2	0	0.1+%d*0.002	0	0	0	0	0	1	999	1
741	741	2				伤害	27	5	0	-0.3-%d*0.003	0	0	0	0	0	1	1	5
742	742	2				伤害	27	5	0	-0.3-%d*0.003	0	0	0	0	0	1	1	5
743	743	2	Buff_112_cast			双防-	1	3	0	-0.2	4	0	-0.2	0	0	1	20	2
744	744	2	Buff_112_cast			双防-	1	3	0	-0.2	4	0	-0.2	0	0	1	20	2
745	745	2	Buff_209_cast			不得怒气	24	0	0	0	0	0	0	11	0	1	3	5
746	746	2	Buff_209_cast			不得怒气	24	0	0	0	0	0	0	11	0	1	3	5
747	747	1	Buff_106_cast			双防+	1	3	0	1+%d*0.002	4	0	1+%d*0.002	0	0	1	5	1
748	748	1	Buff_106_cast			双防+	1	3	0	1+%d*0.002	4	0	1+%d*0.002	0	0	1	7	1
749	749	3				回血	4	5	0	3+0.03*%d	0	0	0	0	0	1	1	5
750	750	3				回血	4	5	0	3+0.03*%d	0	0	0	0	0	1	1	5
751	751	2	Buff_111_cast			双攻-	9	1	0	-0.1	2	0	-0.1	0	0	1	10	3
752	752	2	Buff_111_cast			双攻-	9	1	0	-0.15	2	0	-0.15	0	0	1	10	3
753	753	1	Buff_201_cast			暴击+	11	6	0	0.1	0	0	0	0	0	1	8	1
754	754	1	Buff_201_cast			暴击+	11	6	0	0.15	0	0	0	0	0	1	8	1
755	755	1	Buff_102_cast			防御+	1	3	0	0.03	0	0	0	0	0	1	5	3
756	756	1	Buff_106_cast			双防+	1	3	0	0.03	4	0	0.03	0	0	1	5	3
757	757	3				吸血	13	0	0	0	0	0	0	10	0.15+%d*0.0015	1	999	1
758	758	3				吸血	13	0	0	0	0	0	0	10	0.25+%d*0.0015	1	999	1
759	759	3				回血	4	5	0	0.4+%d*0.0045	0	0	0	0	0	1	1	5
760	760	3				回血	4	5	0	0.5+%d*0.0045	0	0	0	0	0	1	1	5
761	761	1	Buff_306_cast			火抗+	17	0	0	0	0	0	0	102	0.05	1	12	3
762	762	1	Buff_306_cast			火抗+	17	0	0	0	0	0	0	102	0.05	1	12	3
763	763	1	Buff_308_cast			风抗+	17	0	0	0	0	0	0	101	0.05	1	12	3
764	764	1	Buff_307_cast			无抗+	17	0	0	0	0	0	0	100	0.05	1	12	3
765	765	2		Buff_518_fire		沉默	15	0	0	0	0	0	0	8	0	1	2	5
766	766	2		Buff_513_fire		混乱	3	0	0	0	0	0	0	7	0	1	4	5
767	767	1				加血	18	0	0	0	0	0	0	16	0.02+%d*0.0005	1	10	20
768	768	1				加血	18	0	0	0	0	0	0	16	0.025+%d*0.0005	1	10	20
769	769	1	Buff_106_cast			双防+	1	3	0	0.03+%d*0.001	0	0	0	0	0	1	20	5
770	770	1	Buff_103_cast			技攻+	14	2	0	0.03+%d*0.001	0	0	0	0	0	1	20	5
771	771	2		Buff_518_fire		沉默	15	0	0	0	0	0	0	8	0	1	2	5
772	772	2	Buff_107_cast			物攻-0.15	9	1	0	-0.15	0	0	0	0	0	1	8	1
773	773	2				治疗效果-0.5	18	0	0	0	0	0	0	16	-0.5	1	12	1
774	774	2				治疗效果-0.5	18	0	0	0	0	0	0	16	-0.5	1	15	1
775	775	1	Buff_103_cast			技攻+	14	2	0	0.03+%d*0.001	0	0	0	0	0	1	30	10
776	776	1	Buff_103_cast			技攻+	14	2	0	0.05+%d*0.001	0	0	0	0	0	1	30	10
777	777	2	Buff_112_cast			双防-	1	3	0	-0.02	4	0	-0.02	0	0	1	30	10
778	778	2	Buff_112_cast			双防-	1	3	0	-0.02	4	0	-0.02	0	0	1	30	10
779	779	3	Buff_302_cast			无系伤害+	6	0	0	0	0	0	0	200	0.08+%d*0.0005	1	999	5
780	780	3	Buff_302_cast			无系伤害+	6	0	0	0	0	0	0	200	0.12+%d*0.0005	1	999	5
781	781	2	Buff_314_cast			火抗-	17	0	0	0	0	0	0	102	0.1	1	15	1
782	782	2	Buff_314_cast			火抗-	17	0	0	0	0	0	0	102	0.1	1	15	1
783	783	3	Buff_303_cast			火系伤害+	6	0	0	0	0	0	0	202	0.08+%d*0.0005	1	999	5
784	784	3	Buff_303_cast			火系伤害+	6	0	0	0	0	0	0	202	0.12+%d*0.0005	1	999	5
785	785	1	Buff_204_cast			怒气+	19	10	1	15+%d*1	0	0	0	0	0	1	1	5
786	786	1	Buff_204_cast			怒气+	19	10	1	15+%d*1	0	0	0	0	0	1	1	5
787	787	2		Buff_503_fire		眩晕2	8	0	0	0	0	0	0	2	0	1	2	5
788	788	2		Buff_503_fire		眩晕3	8	0	0	0	0	0	0	2	0	1	3	5
789	789	1	Buff_104_cast			技防+	5	4	0	0.05+%d*0.0005	0	0	0	0	0	1	999	5
790	790	1	Buff_104_cast			"技防+,回血"	5	4	0	0.05+%d*0.0005	5	0	0.2+%d*0.0002	0	0	1	999	5
791	791	1	Buff_106_cast			双防+	1	3	0	0.6+%d*0.01	4	0	0.6+%d*0.01	0	0	1	3	1
792	792	1	Buff_106_cast			双防+	1	3	0	0.6+%d*0.01	4	0	0.6+%d*0.01	0	0	1	3	1
793	793	2		Buff_519_fire		中毒	27	5	0	-0.16-%d*0.0006	0	0	0	0	0	6	12	2
794	794	2		Buff_519_fire		中毒	27	5	0	-0.16-%d*0.0006	0	0	0	0	0	6	12	3
795	795	2	Buff_109_cast			技攻-	14	2	0	-0.02	0	0	0	0	0	1	999	5
796	796	2	Buff_109_cast			技攻-	14	2	0	-0.02	0	0	0	0	0	1	999	5
797	797	1	Buff_105_cast			双攻+	22	1	0	0.06+0.0005*%d	2	0	0.06+0.0005*%d	0	0	1	999	5
798	798	1	Buff_105_cast			双攻+	22	1	0	0.1+0.0005*%d	2	0	0.1+0.0005*%d	0	0	1	999	5
799	799	2	Buff_108_cast			物防-	1	3	0	-0.25	0	0	0	0	0	1	3	5
800	800	2	Buff_108_cast			物防-	1	3	0	-0.25	0	0	0	0	0	1	3	5
801	801	3		Buff_504_fire		净化	31	0	0	0	0	0	0	13	0	1	1	1
802	802	3		Buff_504_fire		净化	31	0	0	0	0	0	0	13	0	1	1	1
803	803	2	Buff_209_cast			怒气-	19	10	1	-50	0	0	0	0	0	1	1	5
804	804	2	Buff_209_cast			怒气-	19	10	1	-35	0	0	0	0	0	1	1	5
805	805	1	Buff_106_cast			双防+	5	3	0	0.02+0.001*%d	4	0	0.02+0.001*%d	0	0	1	999	5
806	806	1	Buff_106_cast			双防+	5	3	0	0.03+0.001*%d	4	0	0.03+0.001*%d	0	0	1	999	5
807	807	1	Buff_102_cast			物防+	1	3	0	0.1+0.001*%d	0	0	0	0	0	1	10	2
808	808	1	Buff_102_cast			物防+	1	3	0	0.1+0.001*%d	0	0	0	0	0	1	10	4
809	809	1				治疗效果	18	0	0	0	0	0	0	16	0.3+0.008*%d	1	10	2
810	810	1				治疗效果	18	0	0	0	0	0	0	16	0.3+0.008*%d	1	10	4
811	811	3	Buff_306_cast			火抗+	17	0	0	0	0	0	0	102	0.3+0.001*%d	1	10	1
812	812	3	Buff_306_cast			火抗+	17	0	0	0	0	0	0	102	0.4+0.001*%d	1	10	1
813	813	1				回血	4	5	0	0.7+0.003*%d	0	0	0	0	0	1	999	1
814	814	1				回血	4	5	0	0.8+0.003*%d	0	0	0	0	0	1	50	1
815	815	1	Buff_203_cast			免伤+	30	12	1	0.5+0.004*%d	0	0	0	0	0	1	3	1
816	816	1	Buff_203_cast			免伤+	30	12	1	0.6+0.004*%d	0	0	0	0	0	1	3	1
817	817	3	Buff_306_cast			火抗+	17	0	0	0	0	0	0	102	0.1+0.001*%d	1	999	1
818	818	3	Buff_306_cast			火抗+	17	0	0	0	0	0	0	102	0.15+0.001*%d	1	50	1
819	819	2	Buff_112_cast			双防-0.2	1	3	0	-0.2	4	0	-0.2	0	0	1	10	1
820	820	2	Buff_112_cast			双防-0.3	1	3	0	-0.3	4	0	-0.3	0	0	1	10	1
821	821	2				治疗效果-0.5	18	0	0	0	0	0	0	16	-0.5	1	20	1
822	822	2				治疗效果-1	18	0	0	0	0	0	0	16	-1	1	20	1
823	823	2	Buff_112_cast			双防-0.05	1	3	0	-0.05	4	0	-0.05	0	0	1	60	5
824	824	1	Buff_105_cast			双攻+	22	1	0	0.05+0.003*%d	2	0	0.05+0.003*%d	0	0	1	60	5
825	825	1	Buff_105_cast			双攻+	22	1	0	0.08+0.003*%d	2	0	0.08+0.003*%d	0	0	1	60	5
826	826	1				治疗效果+	18	0	0	0	0	0	0	16	0.1+0.0016*%d	1	999	5
827	827	1				治疗效果+	18	0	0	0	0	0	0	16	0.14+0.0023*%d	1	999	5
828	828	2	Buff_112_cast			双防-0.1	1	3	0	-0.1-%d*0.0005	4	0	-0.1-%d*0.0005	0	0	1	20	2
829	829	2	Buff_112_cast			双防-0.15	1	3	0	-0.15-%d*0.0005	4	0	-0.15-%d*0.0005	0	0	1	20	2
830	830	3				吸血	13	0	0	0	0	0	0	10	0.2+%d*0.002	1	999	1
831	831	3				回血	4	5	0	0.25+%d*0.0025	0	0	0	0	0	1	1	5
832	832	1	Buff_104_cast			技防+0.1	1	4	0	0.1	0	0	0	0	0	1	3	1
833	833	2	Buff_209_cast			不得怒气	24	0	0	0	0	0	0	11	0	1	3	5
834	834	2	Buff_209_cast			不得怒气	24	0	0	0	0	0	0	11	0	1	5	5
835	835	3				伤害	27	5	0	-0.6-%d*0.006	0	0	0	0	0	1	1	5
836	836	3	Buff_304_cast			水系伤害+0.1	6	0	0	0	0	0	0	203	0.1	1	15	5
837	837	1	Buff_101_cast			提升普通攻击力	9	1	0	0.05+0.0008*%d	0	0	0	0	0	1	50	5
838	838	1	Buff_101_cast			提升普通攻击力	9	1	0	0.06+0.0008*%d	0	0	0	0	0	1	50	5
839	839	1	Buff_102_cast			提升防御	5	3	0	0.08+0.002*%d	0	0	0	0	0	1	10	2
840	840	1	Buff_102_cast			提升防御	5	3	0	0.12+0.002*%d	0	0	0	0	0	1	10	2
841	841	1	Buff_101_cast			普通攻击力+0.4	9	1	0	0.4	0	0	0	0	0	1	1.5	1
842	842	1	Buff_101_cast			普通攻击力+0.6	9	1	0	0.6	0	0	0	0	0	1	1.5	1
843	843	2	Buff_107_cast			攻击-0.08	9	1	0	-0.08	0	0	0	0	0	1	15	1
844	844	2	Buff_107_cast			攻击-0.12	9	1	0	-0.12	0	0	0	0	0	1	15	1
845	845	1	Buff_104_cast			技防+0.05	1	4	0	0.05	0	0	0	0	0	1	6	2
846	846	1	Buff_104_cast			技防+0.08	1	4	0	0.08	0	0	0	0	0	1	6	2
847	847	1	Buff_201_cast			暴击提升	11	6	1	10+0.5*%d	0	0	0	0	0	1	20	3
848	848	1	Buff_105_cast			提升双攻	22	1	0	0.1+0.0015*%d	2	0	0.1+0.0015*%d	0	0	1	999	1
849	849	1				回血	4	5	0	0.2+0.0025*%d	0	0	0	0	0	3	3	2
850	850	1				回血	4	5	0	0.2+0.0025*%d	0	0	0	0	0	3	3	2
851	851	1	Buff_105_cast			双攻+	9	1	0	0.05	2	0	0.05	0	0	3	3	2
852	852	1	Buff_105_cast			双攻+	9	1	0	0.08	2	0	0.08	0	0	3	3	2
853	853	3		Buff_504_fire		净化	31	0	0	0	0	0	0	13	0	1	1	1
854	854	3		Buff_504_fire		净化	31	0	0	0	0	0	0	13	0	1	1	1
855	855	1	Buff_105_cast			双攻+	9	1	0	0.05	2	0	0.05	0	0	1	20	1
856	856	1	Buff_105_cast			双攻+	9	1	0	0.08	2	0	0.08	0	0	1	20	1
857	857	1				回血	4	5	0	0.1+0.001*%d	0	0	0	0	0	1	1	5
858	858	1				回血	4	5	0	0.1+0.001*%d	0	0	0	0	0	1	1	5
859	859	1	Buff_104_cast			技防+	1	4	0	0.02	0	0	0	0	0	1	20	5
860	860	1	Buff_104_cast			技防+	1	4	0	0.02	0	0	0	0	0	1	20	5
861	861	1	Buff_104_cast			技防+	1	4	0	0.01+0.0004*%d	0	0	0	0	0	1	20	3
862	862	1	Buff_104_cast			技防+	1	4	0	0.01+0.0004*%d	0	0	0	0	0	1	20	3
863	863	3				吸血	13	0	0	0	0	0	0	10	0.08+0.001*%d	1	999	5
864	864	3				吸血	13	0	0	0	0	0	0	10	0.12+0.001*%d	1	999	5
865	865	1	Buff_302_cast			无系伤害+	6	0	0	0	0	0	0	200	0.08	1	999	5
866	866	1	Buff_302_cast			无系伤害+	6	0	0	0	0	0	0	200	0.12	1	999	5
867	867	2	Buff_314_cast			火抗-	17	0	0	0	0	0	0	102	0.1	1	10	1
868	868	2	Buff_314_cast			火抗-	17	0	0	0	0	0	0	102	0.15	1	10	1
869	869	2	Buff_112_cast			双防-	1	3	0	-0.1	4	0	-0.1	0	0	1	5	3
870	870	2	Buff_112_cast			双防-	1	3	0	-0.15	4	0	-0.15	0	0	1	5	3
871	871	3	Buff_303_cast			火系伤害+	6	0	0	0	0	0	0	202	0.05+0.0015*%d	1	999	5
872	872	3	Buff_303_cast			火系伤害+	6	0	0	0	0	0	0	202	0.08+0.0015*%d	1	999	5
873	873	2		Buff_503_fire		眩晕	8	0	0	0	0	0	0	2	0	1	2	5
874	874	2		Buff_503_fire		眩晕	8	0	0	0	0	0	0	2	0	1	2	5
875	875	3				回血	4	5	0	0.25+0.006*%d	0	0	0	0	0	1	1	5
876	876	1	Buff_104_cast			技防+	5	4	0	0.1	0	0	0	0	0	1	15	1
877	877	1				反伤	32	0	0	0	0	0	0	17	0.8	1	5	1
878	878	1				反伤	32	0	0	0	0	0	0	17	1.2	1	5	1
879	879	2	Buff_110_cast			减技防	5	4	0	-0.08	0	0	0	0	0	1	10	2
880	880	1	Buff_104_cast			技防+	5	4	0	0.02+0.0003*%d	0	0	0	0	0	1	10	2
881	881	1	Buff_104_cast			技防+	5	4	0	0.02+0.0003*%d	0	0	0	0	0	1	10	3
882	882	3				回血	4	5	0	0.3+0.01*%d	0	0	0	0	0	1	1	5
883	883	3				伤害	27	5	0	-0.2-%d*0.0015	0	0	0	0	0	1	1	5
884	884	3				伤害	27	5	0	-0.2-%d*0.0015	0	0	0	0	0	1	1	5
885	885	2		Buff_518_fire		沉默6s	15	0	0	0	0	0	0	8	0	1	6	5
886	886	2		Buff_518_fire		沉默10s	15	0	0	0	0	0	0	8	0	1	10	5
887	887	3				治疗效果5+0.2	18	0	0	0	0	0	0	16	0.05+0.002*%d	1	999	1
888	888	3				治疗效果12+0.2	18	0	0	0	0	0	0	16	0.12+0.002*%d	1	999	1
889	889	3	Buff_203_cast			免伤4+0.1	30	12	1	0.04+0.001*%d	0	0	0	0	0	1	999	1
890	890	3	Buff_203_cast			免伤10+0.1	30	12	1	0.1+0.001*%d	0	0	0	0	0	1	999	1
891	891	1	Buff_303_cast			火系伤害+	6	0	0	0	0	0	0	202	0.08	1	10	1
892	892	1	Buff_303_cast			火系伤害+	6	0	0	0	0	0	0	202	0.15	1	10	1
893	893	2	Buff_110_cast			技防-	5	4	0	-0.06	0	0	0	0	0	1	20	1
894	894	2	Buff_110_cast			技防-	5	4	0	-0.12	0	0	0	0	0	1	20	1
895	895	1	Buff_303_cast			火系伤害+	6	0	0	0	0	0	0	202	0.05	1	5	1
896	896	1	Buff_303_cast			火系伤害+	6	0	0	0	0	0	0	202	0.08	1	5	1
897	897	3	Buff_101_cast			攻击+	9	1	0	0.05+%d*0.0005	0	0	0	0	0	1	999	1
898	898	3	Buff_101_cast			攻击+	9	1	0	0.08+%d*0.0005	0	0	0	0	0	1	999	1
899	899	3	Buff_303_cast			火系伤害+	6	0	0	0	0	0	0	202	0.1+0.0005*%d	1	999	1
900	900	3	Buff_303_cast			火系伤害+	6	0	0	0	0	0	0	202	0.14+0.0005*%d	1	999	1
901	901	2	Buff_313_cast			降水抗0.1	17	0	0	0	0	0	0	103	0.1	1	20	1
902	902	2	Buff_313_cast			降水抗0.15	17	0	0	0	0	0	0	103	0.15	1	20	1
903	903	2	Buff_107_cast			降攻击0.05	9	1	0	-0.05	0	0	0	0	0	1	6	2
904	904	2	Buff_107_cast			降攻击0.08	9	1	0	-0.08	0	0	0	0	0	1	6	2
905	905	3	Buff_102_cast			提升防御0.04+0.00045	5	3	0	0.04+0.00045*%d	0	0	0	0	0	1	999	1
906	906	3	Buff_102_cast			提升防御0.06+0.00045	5	3	0	0.06+0.00045*%d	0	0	0	0	0	1	999	1
907	907	1	Buff_101_cast			提升攻击0.005+0.0001	9	1	0	0.005+%d*0.0001	0	0	0	0	0	1	5	8
908	908	1	Buff_105_cast			提升双攻0.005+0.0001	9	1	0	0.005+%d*0.0001	2	0	0.005+%d*0.0001	0	0	1	5	8
909	909	2	Buff_312_cast			水伤-	6	0	0	0	0	0	0	203	0.08	1	15	2
910	910	2	Buff_312_cast			水伤-	6	0	0	0	0	0	0	203	0.12	1	15	2
911	911	2	Buff_110_cast			技防-	5	4	0	-0.1	0	0	0	0	0	1	5	1
912	912	2	Buff_110_cast			技防-	5	4	0	-0.15	0	0	0	0	0	1	5	1
913	913	2	Buff_110_cast			技防-	5	4	0	-0.05	0	0	0	0	0	1	3	2
914	914	3	Buff_301_cast			风伤+	6	0	0	0	0	0	0	201	0.06+0.0015*%d	1	999	1
915	915	3	Buff_301_cast			风伤+	6	0	0	0	0	0	0	201	0.1+0.0015*%d	1	999	1
916	916	1	Buff_308_cast			风抗+	17	0	0	0	0	0	0	101	-0.03-%d*0.0005	1	999	5
917	917	1	Buff_308_cast			风抗+	17	0	0	0	0	0	0	101	-0.03-%d*0.0005	1	999	5
918	918	1	Buff_301_cast			风伤+	6	0	0	0	0	0	0	201	0.03+0.0005*%d	1	999	5
919	919	1	Buff_301_cast			风伤+	6	0	0	0	0	0	0	201	0.03+0.0005*%d	1	999	5
920	920	2		Buff_513_fire		混乱5s	3	0	0	0	0	0	0	7	0	1	5	5
921	921	2		Buff_513_fire		混乱5s	3	0	0	0	0	0	0	7	0	1	5	5
922	922	2	Buff_309_cast			风伤-0.08、10s、2次	6	0	0	0	0	0	0	201	-0.08	1	10	2
923	923	2	Buff_309_cast			风伤-0.12、10s、2次	6	0	0	0	0	0	0	201	-0.12	1	10	2
924	924	1	Buff_103_cast			技攻+0.05、10s	14	2	0	0.05	0	0	0	0	0	1	10	1
925	925	1	Buff_103_cast			技攻+0.08、10s	14	2	0	0.08	0	0	0	0	0	1	10	1
926	926	3	Buff_104_cast			技防+0.04（0.00045）	5	4	0	0.04+0.00045*%d	0	0	0	0	0	1	999	1
927	927	3	Buff_104_cast			技防+0.06（0.00045）	5	4	0	0.06+0.00045*%d	0	0	0	0	0	1	999	1
928	928	2	Buff_110_cast			技防-0.04（0.0004）、8s、5次	5	4	0	-0.04-0.0004*%d	0	0	0	0	0	1	8	5
929	929	2	Buff_110_cast			技防-0.04（0.0004）、8s、5次	5	4	0	-0.04-0.0004*%d	0	0	0	0	0	1	8	5
930	930	1	Buff_301_cast			风伤+0.06	6	0	0	0	0	0	0	201	0.06	1	10	1
931	931	1	Buff_301_cast			风伤+0.1	6	0	0	0	0	0	0	201	0.1	1	10	1
932	932	2				治疗效果-0.3	18	0	0	0	0	0	0	16	-0.3	1	10	1
933	933	2				治疗效果-0.5	18	0	0	0	0	0	0	16	-0.5	1	10	1
934	934	2				伤害0.15+0.0005	27	5	0	-0.15-%d*0.0005	0	0	0	0	0	1	1	5
935	935	2				伤害0.15+0.0005	27	5	0	-0.15-%d*0.0005	0	0	0	0	0	1	1	5
936	936	2	Buff_110_cast			技防-0.04-0.00025	5	4	0	-0.04-%d*0.00025	0	0	0	0	0	1	30	3
937	937	2	Buff_110_cast			技防-0.04-0.00025	5	4	0	-0.04-%d*0.00025	0	0	0	0	0	1	30	3
938	938	2	Buff_112_cast			双防-0.2	1	3	0	-0.2	4	0	-0.2	0	0	1	10	1
939	939	2	Buff_112_cast			双防-0.2	1	3	0	-0.2	4	0	-0.2	0	0	1	10	1
940	940	3				治疗效果-1	18	0	0	0	0	0	0	16	-1	1	10	1
941	941	3				治疗效果-0.8	18	0	0	0	0	0	0	16	-0.8	1	10	1
942	942	2		Buff_520_fire		10s燃烧	27	5	0	-0.08-%d*0.0005	0	0	0	0	0	10	10	1
943	943	2		Buff_520_fire		10s燃烧	27	5	0	-0.08-%d*0.0005	0	0	0	0	0	10	10	1
944	944	2	Buff_314_cast			减火抗0.08	17	0	0	0	0	0	0	102	0.08	1	10	1
945	945	2	Buff_314_cast			减火抗0.12	17	0	0	0	0	0	0	102	0.12	1	10	1
946	946	2		Buff_520_fire		10s燃烧	27	5	0	-0.08-%d*0.0005	0	0	0	0	0	10	10	1
947	947	2		Buff_520_fire		10s燃烧	27	5	0	-0.08-%d*0.0005	0	0	0	0	0	10	10	1