number	string	string	string	number	number	string	number	number	number	number	number
id	name	info	description	type	type1	icon	price	quality	usable	price_yb	rare
10001	コイン	ショップでの買い物や強化等に使うコイン	買い物や強化などに使用	8	0	10001	0	1	2	0	0
10002	手柄	手柄を貯めて闘技場の階級を上げよう！	闘技場の階級	8	0	icon	0	3	2	0	0
10003	ダイヤ	非常に高い価値のある石。通貨として使用している。	貴重な通貨	8	0	10003	0	5	2	0	0
10004	友情ポイント	友達を増やそう！	アイテム交換用	8	0	icon	0	3	2	0	0
10005	スタミナ	クエストを行うために必要	クエストに必要	8	0	10005	0	3	2	0	0
10006	ルーンの欠片	神秘的な文字が刻まれている欠片	金色のルーンに交換可能	8	0	10006	0	3	2	0	0
10007	VIP	VIPになると特典が盛りだくさん！	VIP	8	0	icon	0	4	2	0	0
10008	レベル	レベルアップして強くなろう！	チームレベル	8	0	icon	0	4	2	0	0
10009	霊力	霊力を貯めて品質をアップさせましょう！	昇格	8	0	icon	0	4	2	0	0
10010	名声	闘技場に挑戦しましょう！	闘技場ショップ用	8	104	10010	0	4	2	0	0
10011	経験値	経験値を稼ごう！	レベル用	8	0	10011	0	4	2	0	0
10012	ノーマルガチャ券	ノーマルガチャを回せる	ノーマルガチャ	8	104	10012	0	3	2	0	11
10013	レアガチャ券	レアガチャを回せる	レアガチャ	8	104	10013	0	4	2	0	12
10014	チョコレート	市販のチョコレート	親密度UP用アイテム	3	103	10014	0	3	2	0	13
10015	花束	ピンクの花束	親密度UP用アイテム	3	103	10015	0	3	2	0	0
10016	入場券	映画を見に行こう	親密度UP用アイテム	3	103	10016	0	3	2	0	0
10017	ペアルック	一緒に着るのはだいぶ恥ずかしい	親密度UP用アイテム	3	103	10017	0	3	2	0	0
10018	結婚指輪	永遠の愛を誓った証	親密度UP用アイテム	3	103	10018	0	5	2	0	0
10019	討伐コイン	討伐で稼ごう！	討伐ショップ用	8	104	10019	0	4	2	0	0
10020	本	ベストセラーの本	親密度UP用アイテム	3	103	10020	0	3	2	0	0
10021	霧吹き	お花に水をあげましょう	親密度UP用アイテム	3	103	10021	0	3	2	0	0
10022	玉笛	演奏しましょう！	親密度UP用アイテム	3	103	10022	0	3	2	0	0
10023	蛤刃	よく切れるので扱いは慎重に	親密度UP用アイテム	3	103	10023	0	3	2	0	0
10024	ハイヒール	お洒落アイテム！	親密度UP用アイテム	3	103	10024	0	3	2	0	0
10025	バレーボール	学校で使っているバレーボール	親密度UP用アイテム	3	103	10025	0	3	2	0	0
10026	囲碁	それでは縁側で一局	親密度UP用アイテム	3	103	10026	0	3	2	0	0
10027	Ｔシャツ	ごく普通のシャツ	親密度UP用アイテム	3	103	10027	0	3	2	0	0
10028	ヘッドバンド	お洒落アイテム！	親密度UP用アイテム	3	103	10028	0	3	2	0	0
10029	ぬいぐるみ	もふもふする	親密度UP用アイテム	3	103	10029	0	3	2	0	0
10030	手袋	寒い日には欠かせない	親密度UP用アイテム	3	103	10030	0	3	2	0	0
10031	てるてる坊主	明日は晴れてほしい…	親密度UP用アイテム	3	103	10031	0	3	2	0	0
10032	テニス	体育の授業でもするよ！	親密度UP用アイテム	3	103	10032	0	3	2	0	0
10033	焼肉	おなかいっぱい食べよう	親密度UP用アイテム	3	103	10033	0	3	2	0	0
10034	鏡	身だしなみは大切に	親密度UP用アイテム	3	103	10034	0	3	2	0	0
10035	チョコ菓子	ついつい食べちゃう	親密度UP用アイテム	3	103	10035	0	3	2	0	0
10036	スキー板	銀世界へ滑り出そう	親密度UP用アイテム	3	103	10036	0	3	2	0	0
10037	登山靴	足首をしっかりガード	親密度UP用アイテム	3	103	10037	0	3	2	0	0
10038	カップ	ほっと一息	親密度UP用アイテム	3	103	10038	0	3	2	0	0
10039	ホタル	今では貴重な虫	親密度UP用アイテム	3	103	10039	0	3	2	0	0
10040	チケット	一緒に行こうよ！	親密度UP用アイテム	3	103	10040	0	3	2	0	0
10041	カメラ	大事な瞬間を！	親密度UP用アイテム	3	103	10041	0	3	2	0	0
10042	ドレス	大人っぽさを演出	親密度UP用アイテム	3	103	10042	0	3	2	0	13
10043	果物	とっても新鮮な果物	親密度UP用アイテム	3	103	10043	0	3	2	0	0
10044	浮き輪	海に行くなら持って行かなきゃ	親密度UP用アイテム	3	103	10044	0	3	2	0	0
10045	酒	一杯いかが？	親密度UP用アイテム	3	103	10045	0	3	2	0	0
10046	なわ	何に使うのやら…	親密度UP用アイテム	3	103	10046	0	3	2	0	0
10047	ケーキ	ついつい食べ過ぎちゃう	親密度UP用アイテム	3	103	10047	0	3	2	0	13
10048	画板	芸術を生み出そう	親密度UP用アイテム	3	103	10048	0	3	2	0	0
10049	英語辞書	英語が苦手なあなたに	親密度UP用アイテム	3	103	10049	0	3	2	0	0
10050	下痢止め薬	お腹の調子が悪いなら…	親密度UP用アイテム	3	103	10050	0	3	2	0	0
10051	キノコ	食べられるキノコのはず	親密度UP用アイテム	3	103	10051	0	3	2	0	0
10052	メイド服	ご一緒にコーヒーはいかがでしょうか？	親密度UP用アイテム	3	103	10052	0	3	2	0	0
10053	尾	コスプレ用	親密度UP用アイテム	3	103	10053	0	3	2	0	0
10054	アヤメ	綺麗に咲いている	親密度UP用アイテム	3	103	10054	0	3	2	0	13
10055	枕	やわらか枕	親密度UP用アイテム	3	103	10055	0	3	2	0	0
10056	鞭	アブナイ道具だ！	親密度UP用アイテム	3	103	10056	0	3	2	0	0
10057	カクテル	大人の味	親密度UP用アイテム	3	103	10057	0	3	2	0	0
10058	香水	魅惑の香り	親密度UP用アイテム	3	103	10058	0	3	2	0	0
10059	アクアリウム	お魚をたくさん入れよう！	親密度UP用アイテム	3	103	10059	0	3	2	0	13
10060	アロマ	リラックス！	親密度UP用アイテム	3	103	10060	0	3	2	0	0
10061	楽譜	あの名曲を奏でよう！	親密度UP用アイテム	3	103	10061	0	3	2	0	0
10062	弓	普通の弓	親密度UP用アイテム	3	103	10062	0	3	2	0	0
10063	猫缶	猫用の缶詰（徳用品）	親密度UP用アイテム	3	103	10063	0	3	2	0	0
10064	海鮮粥	おなかに優しい	親密度UP用アイテム	3	103	10064	0	3	2	0	0
10065	水着	素肌がまぶしい！	親密度UP用アイテム	3	103	10065	0	3	2	0	0
10066	バスケットボール	有名な選手がサインしてくれた！	親密度UP用アイテム	3	103	10066	0	3	2	0	0
10067	ペアカップ	一緒に使って温まろう	親密度UP用アイテム	3	103	10067	0	3	2	0	0
10068	スマホ	通信料にご注意を！	親密度UP用アイテム	3	103	10068	0	3	2	0	0
10069	風邪薬	風邪ひいた？	親密度UP用アイテム	3	103	10069	0	3	2	0	0
10070	ブレスレット	母から貰いました	親密度UP用アイテム	3	103	10070	0	3	2	0	0
10071	猫耳	誰がつけても大体可愛い	親密度UP用アイテム	3	103	10071	0	3	2	0	0
10072	首輪	少しハードなアイテム	親密度UP用アイテム	3	103	10072	0	3	2	0	0
10073	照明	これで明るくなるね！	親密度UP用アイテム	3	103	10073	0	3	2	0	0
10074	浴衣	夏祭りに行こうよ！	親密度UP用アイテム	3	103	10074	0	3	2	0	0
10075	クローバー	幸運が訪れる！	親密度UP用アイテム	3	103	10075	0	3	2	0	0
10076	日記	三日坊主にならぬように	親密度UP用アイテム	3	103	10076	0	3	2	0	0
10077	割引券	超お得じゃん！	親密度UP用アイテム	3	103	10016	0	3	2	0	0
11001	おにぎり	経験値を獲得できる	キャラレベル強化用	12	104	11001	0	1	2	0	14
11002	クレープ	経験値を多く獲得できる	キャラレベル強化用	12	104	11002	0	2	2	0	14
11003	ステーキ	経験値をとても多く獲得できる	キャラレベル強化用	12	104	11003	0	3	2	0	14
12001	ピーチツイル	柔らかい薄起毛の綾織り素材	装備合成用	3	101	12001	1	2	2	10	15
12002	スレッド	普通のスレッド	装備合成用	3	101	12002	1	2	2	10	15
12003	ざくろ石	熱意があふれる石だ！	装備合成用	3	101	12003	1	2	2	10	15
12004	ナナミノキ	長生きの象徴だ！	装備合成用	3	101	12004	1	2	2	10	15
12005	銅ボタン	普通のボタンだ！	装備合成用	3	101	12005	1	2	2	10	15
12101	繻子	高級感がある！	装備合成用	3	101	12101	100	3	2	100	16
12102	クモの糸	麗雅が作った糸！	装備合成用	3	101	12102	100	3	2	100	16
12103	黒曜石	魔除けの効果があるらしい！	装備合成用	3	101	12103	100	3	2	100	16
12104	ミスリル	硬いけど、軽い！	装備合成用	3	101	12104	100	3	2	100	16
12105	ボタン	普通のボタンだ！	装備合成用	3	101	12105	100	3	2	100	16
12106	ウサギ	モフモフかわいいウサギ	装備合成用	3	101	12106	100	3	2	100	16
12107	真珠の首飾り	高そうなネックレス！	装備合成用	3	101	12107	100	3	2	100	16
12108	センジュギク	鮮やかで美しい！	装備合成用	3	101	12108	100	3	2	100	16
12109	お守り	何かから守ってくれる？	装備合成用	3	101	12109	100	3	2	100	16
12110	リストバンド	運動するときに便利	装備合成用	3	101	12110	100	3	2	100	16
12111	染料　	染色する際に用いる	装備合成用	3	101	12111	100	3	2	100	16
12112	徽章	大切な徽章！	装備合成用	3	101	12112	100	3	2	100	16
12113	巻貝	笛になりそうな気もする	装備合成用	3	101	12113	100	3	2	100	16
12114	毛球	ふわふわウサギの毛	装備合成用	3	101	12114	100	3	2	100	16
12115	うお座	占いをしましょうか	装備合成用	3	101	12115	100	3	2	100	16
12201	絹織物	高級感のある織物	装備合成用	3	101	12201	200	4	2	300	17
12202	天蚕糸	天然繊維！	装備合成用	3	101	12202	200	4	2	300	17
12203	ヒスイ	深緑に美しく光る宝石	装備合成用	3	101	12203	200	4	2	300	17
12204	宝物	とっても大事な宝物	装備合成用	3	101	12204	200	4	2	300	17
12205	金属ボタン	普通のボタン！	装備合成用	3	101	12205	200	4	2	300	17
12206	ガチョウ	意外と美味しい	装備合成用	3	101	12206	200	4	2	300	17
12207	高級なアクセ	非常に高価なもの	装備合成用	3	101	12207	200	4	2	300	17
12208	ゆり	綺麗な花！	装備合成用	3	101	12208	200	4	2	300	17
12209	匂い袋	安らぐ香りがする	装備合成用	3	101	12209	200	4	2	300	17
12210	ビーズ	キラキラ～	装備合成用	3	101	12210	200	4	2	300	17
12211	染料B	好きな色に染めよう！	装備合成用	3	101	12211	200	4	2	300	17
12212	徽章	大切な徽章！	装備合成用	3	101	12212	200	4	2	300	17
12213	ネクタイ	かっこいいネクタイだ！	装備合成用	3	101	12213	200	4	2	300	17
12214	羅針盤	舵を切れ！	装備合成用	3	101	12214	200	4	2	300	17
12215	鈴	可愛らしい音が鳴る	装備合成用	3	101	12215	200	4	2	300	17
12216	花嫁グローブ	花嫁のアイテム	装備合成用	3	101	12216	200	4	2	300	17
12217	髪の毛	誰の毛だろうか…	装備合成用	3	101	12217	200	4	2	300	17
12301	ブロケード	豪華な絹紋織物	装備合成用	3	101	12301	300	5	2	500	32
12302	金の糸	非常に丈夫な糸だ！	装備合成用	3	101	12302	300	5	2	500	32
12303	アメジスト	愛を守る効果がある宝石	装備合成用	3	101	12303	300	5	2	500	32
12304	ダイヤモンド	最高級であり最硬級の宝石である	装備合成用	3	101	12304	300	5	2	500	32
12305	豪華なボタン	いろいろなな模様が入っている。	装備合成用	3	101	12305	300	5	2	500	32
12306	キツネ	珍しいキツネだ！	装備合成用	3	101	12306	300	5	2	500	32
12307	水晶の装飾品	大事に扱おう	装備合成用	3	101	12307	300	5	2	500	32
12308	ベール	魔除けの意味もある	装備合成用	3	101	12308	300	5	2	500	32
12309	メダル	英雄の象徴だ！	装備合成用	3	101	12309	300	5	2	500	32
12310	うちわ	普通のうちわだ！	装備合成用	3	101	12310	300	5	2	500	32
12311	御幣	神祭用具の一つ。	装備合成用	3	101	12311	300	5	2	500	32
12312	桃の花	良い香りの花が咲いた	装備合成用	3	101	12312	300	5	2	500	32
12313	アヒルの羽毛	柔らかくて、暖かいぞ！	装備合成用	3	101	12313	300	5	2	500	32
12314	銀の腕輪	素材は銀の腕輪だ！	装備合成用	3	101	12314	300	5	2	500	32
12315	髪の毛	誰の毛だろう…	装備合成用	3	101	12217	300	5	2	500	0
12316	染料C	何色に染めようかな	装備合成用	3	101	12211	300	5	2	500	0
12317	徽章	大切な徽章！	装備合成用	3	101	12212	300	5	2	500	0
12318	羽毛	普通の羽毛	装備合成用	3	101	12318	300	6	2	500	0
12319	リボン	普通のりポン	装備合成用	3	101	12319	300	6	2	500	0
12320	アクアマリン	海の力を秘めている	装備合成用	3	101	12320	300	6	2	500	0
12321	流星	お願い事をしよう！	装備合成用	3	101	12321	300	6	2	500	0
12322	真珠ボタン	高そうなボタンだ	装備合成用	3	101	12322	300	6	2	500	0
12401	緑の印	緑ランク強化素材	装備合成用	5	101	12401	1000	2	2	100	18
12402	青の印	青ランク強化素材	装備合成用	5	101	12402	1000	3	2	500	19
12403	乙女の印	青ランク強化素材	装備合成用	5	101	12403	1000	3	2	500	0
12406	御姊の印	紫ランク強化素材	装備合成用	5	101	12406	1000	4	2	1000	20
12407	女帝の印	橙ランク強化素材	装備合成用	5	101	12407	1000	5	2	1000	0
12410	女神の印	橙ランク強化素材	装備合成用	5	101	12410	1000	5	2	5000	0
12411	天使の印	赤ランク強化素材	装備合成用	5	101	12411	1000	6	2	5000	0
12499	王者の印	工事中	工事中	5	101	12499	1000	5	2	5000	0
14101	霊犀の霊	霊性がある。珍宝強化用。	珍宝強化用	3	0	14101	10000	3	2	0	0
14102	神聖の霊	霊性がある。珍宝強化用。	珍宝強化用	3	0	14102	10000	3	2	0	0
14103	勇敢の霊	霊性がある。珍宝強化用。	珍宝強化用	3	0	14103	10000	4	2	0	0
14104	神秘の霊	霊性がある。珍宝強化用。	珍宝強化用	3	0	14104	10000	4	2	0	0
14105	万生の霊	霊性がある。珍宝強化用。	珍宝強化用	3	0	14105	10000	5	2	0	0
14200	無の源	無の力が秘められている	スキル昇格用	3	104	14200	10000	4	2	0	21
14201	風の源	風の力が秘められている	スキル昇格用	3	104	14201	10000	4	2	0	21
14202	火の源	火の力が秘められている	スキル昇格用	3	104	14202	10000	4	2	0	21
14203	水の源	水の力が秘められている	スキル昇格用	3	104	14203	10000	4	2	0	21
14204	雷の源	雷の力が秘められている	スキル昇格用	3	104	14204	10000	4	2	0	0
15001	鍛錬ポイント	鍛錬して強くなろう！	鍛錬用	1	104	15001	0	1	2	0	0
15002	女神の力	潜在力UP！	鍛錬用	1	0	icon	0	2	2	0	0
15005	スタートダッシュパックA	スタートダッシュパックAのアイテムです。	スタートダッシュパックAのアイテムです。	6	104	17101	0	5	2	0	0
15006	スタートダッシュパックB	スタートダッシュパックBのアイテムです。	スタートダッシュパックBのアイテムです。	6	104	17101	0	4	2	0	0
15007	スタミナパックA	スタミナパックAです。	スタミナパックAです。	6	104	17101	0	5	2	0	0
15008	スタミナパックB	スタミナパックBです。	スタミナパックBです。	6	104	17101	0	4	2	0	0
15009	スタミナパックC	スタミナパックCです。	スタミナパックCです。	6	104	17101	0	3	2	0	0
15010	イベントパックA	イベントパックAです。	イベントパックAです。	6	104	17101	0	5	2	0	0
15011	イベントパックB	イベントパックBです。	イベントパックBです。	6	104	17101	0	4	2	0	0
15012	イベントパックC	イベントパックCです。	イベントパックCです。	6	104	17101	0	3	2	0	0
15013	残留	残留	残留	6	104	17101	0	4	2	0	0
15014	残留	残留	残留	6	104	17101	0	3	2	0	0
15015	残留	残留	残留	6	104	17101	0	3	2	0	0
15016	残留	残留	残留	6	104	17101	0	3	2	0	0
15017	残留	残留	残留	6	104	17101	0	3	2	0	0
15018	残留	残留	残留	6	104	17101	0	3	2	0	0
15019	残留	残留	残留	6	104	17101	0	3	2	0	0
15020	残留	残留	残留	6	104	17101	0	3	2	0	0
15021	残留	残留	残留	6	104	17101	0	4	2	0	0
15022	残留	残留	残留	6	104	17101	0	4	2	0	0
15023	残留	残留	残留	6	104	17101	0	4	2	0	0
15024	残留	残留	残留	6	104	17101	0	3	2	0	0
15025	残留	残留	残留	6	104	17101	0	3	2	0	0
15026	残留	残留	残留	6	104	17101	0	3	2	0	0
15027	残留	残留	残留	6	104	17101	0	3	2	0	0
15028	残留	残留	残留	6	104	17101	0	3	2	0	0
15029	残留	残留	残留	6	104	17101	0	3	2	0	0
15030	残留	残留	残留	6	104	17101	0	3	2	0	0
15031	残留	残留	残留	6	104	17101	0	2	2	0	0
15032	残留	残留	残留	6	104	17101	0	5	2	0	0
15041	残留	残留	残留	6	104	17101	0	1	2	0	0
15042	残留	残留	残留	6	104	17101	0	1	2	0	0
15043	残留	残留	残留	6	104	17101	0	2	2	0	0
15044	残留	残留	残留	6	104	17101	0	2	2	0	0
15045	残留	残留	残留	6	104	17101	0	3	2	0	0
15046	残留	残留	残留	6	104	17101	0	3	2	0	0
15047	残留	残留	残留	6	104	17101	0	4	2	0	0
15048	残留	残留	残留	6	104	17101	0	4	2	0	0
15049	残留	残留	残留	6	104	17101	0	5	2	0	0
15050	残留	残留	残留	6	104	17101	0	5	2	0	0
15051	残留	残留	残留	6	104	17101	0	1	2	0	0
15052	残留	残留	残留	6	104	17101	0	1	2	0	0
15053	残留	残留	残留	6	104	17101	0	2	2	0	0
15054	残留	残留	残留	6	104	17101	0	2	2	0	0
15055	残留	残留	残留	6	104	17101	0	3	2	0	0
15056	残留	残留	残留	6	104	17101	0	3	2	0	0
15057	残留	残留	残留	6	104	17101	0	4	2	0	0
15058	残留	残留	残留	6	104	17101	0	4	2	0	0
15059	残留	残留	残留	6	104	17101	0	5	2	0	0
15060	残留	残留	残留	6	104	17101	0	5	2	0	0
15061	残留	残留	残留	6	104	17101	0	2	2	0	0
15062	残留	残留	残留	6	104	17101	0	2	2	0	0
15063	残留	残留	残留	6	104	17101	0	2	2	0	0
15064	残留	残留	残留	6	104	17101	0	2	2	0	0
15065	残留	残留	残留	6	104	17101	0	4	2	0	0
15066	残留	残留	残留	6	104	17101	0	4	2	0	0
15067	残留	残留	残留	6	104	17101	0	5	2	0	0
15068	残留	残留	残留	6	104	17101	0	5	2	0	0
15069	残留	残留	残留	6	104	17101	0	5	2	0	0
15071	残留	残留	残留	6	104	17101	0	1	2	0	0
15072	残留	残留	残留	6	104	17101	0	1	2	0	0
15073	残留	残留	残留	6	104	17101	0	2	2	0	0
15074	残留	残留	残留	6	104	17101	0	2	2	0	0
15075	残留	残留	残留	6	104	17101	0	3	2	0	0
15076	残留	残留	残留	6	104	17101	0	3	2	0	0
15077	残留	残留	残留	6	104	17101	0	4	2	0	0
15078	残留	残留	残留	6	104	17101	0	4	2	0	0
15079	残留	残留	残留	6	104	17101	0	5	2	0	0
15080	残留	残留	残留	6	104	17101	0	5	2	0	0
15081	残留	残留	残留	6	104	17101	0	4	2	0	0
15082	残留	残留	残留	6	104	17101	0	5	2	0	0
15083	残留	残留	残留	6	104	17101	0	4	2	0	0
15084	残留	残留	残留	6	104	17101	0	5	2	0	0
15085	残留	残留	残留	6	104	17101	0	4	2	0	0
15086	残留	残留	残留	6	104	17101	0	5	2	0	0
15087	残留	残留	残留	6	104	17101	0	4	2	0	0
15088	残留	残留	残留	6	104	17101	0	4	2	0	0
15089	残留	残留	残留	6	104	17101	0	4	2	0	0
15090	残留	残留	残留	6	104	17101	0	4	2	0	0
15091	残留	残留	残留	6	104	17101	0	4	2	0	0
15092	残留	残留	残留	6	104	17101	0	4	2	0	0
15093	残留	残留	残留	6	104	17101	0	4	2	0	0
15094	残留	残留	残留	6	104	17101	0	4	2	0	0
15095	残留	残留	残留	6	104	17101	0	4	2	0	0
15096	残留	残留	残留	6	104	17101	0	4	2	0	0
15097	残留	残留	残留	6	104	17101	0	4	2	0	0
15098	残留	残留	残留	6	104	17101	0	4	2	0	0
15099	残留	残留	残留	6	104	17101	0	4	2	0	0
15100	残留	残留	残留	6	104	17101	0	4	2	0	0
15101	残留	残留	残留	6	104	17101	0	4	2	0	0
15102	残留	残留	残留	6	104	17101	0	4	2	0	0
15103	残留	残留	残留	6	104	17101	0	5	2	0	0
16001	恋心の欠片	イベントに参加しましょう	イベント参加用アイテム	8	0	16001	0	4	1	0	0
16002	なし	なし	なし	8	104	16002	0	4	1	0	0
16003	なし	なし	なし	8	0	16003	0	4	1	0	0
16004	なし	なし	なし	8	0	16004	0	4	1	0	0
16005	なし	なし	なし	8	0	16005	0	4	1	0	0
16006	ギルドコイン	ギルドイベントで獲得	ギルドショップ用	8	104	16006	0	4	1	0	0
16007	なし	なし	なし	8	0	16007	0	4	1	0	0
16008	なし	なし	なし	8	0	16008	0	4	1	0	0
16009	なし	なし	なし	8	0	16009	0	4	1	0	0
16010	なし	なし	なし	8	0	16010	0	5	1	0	0
16011	なし	なし	なし	8	0	16011	0	4	1	0	0
16012	なし	なし	なし	8	0	16012	0	4	1	0	0
16013	なし	なし	なし	8	0	16013	0	4	1	0	0
16014	なし	なし	なし	8	0	16014	0	1	1	0	0
16015	なし	なし	なし	8	0	16015	0	2	1	0	0
16016	なし	なし	なし	8	0	16016	0	3	1	0	0
16017	なし	なし	なし	8	0	16017	0	4	1	0	0
16018	なし	なし	なし	8	0	16018	0	4	1	0	0
16101	PT	勇气值（待翻译）	勇气值（待翻译）	8	0	16101	0	4	1	0	0
17101	攻撃魂石Lv1	力を強化する魂の石\n攻撃+16	魂器用アイテム	4	0	17101	10	1	2	0	22
17102	攻撃魂石Lv2	力を強化する魂の石\n攻撃+48	魂器用アイテム	4	0	17102	10	1	2	0	23
17103	攻撃魂石Lv3	力を強化する魂の石\n攻撃+78	魂器用アイテム	4	0	17103	10	2	2	0	24
17104	攻撃魂石Lv4	力を強化する魂の石\n攻撃+126	魂器用アイテム	4	0	17104	10	2	2	0	25
17105	攻撃魂石Lv5	力を強化する魂の石\n攻撃+196	魂器用アイテム	4	0	17105	10	3	2	0	0
17106	攻撃魂石Lv6	力を強化する魂の石\n攻撃+315	魂器用アイテム	4	0	17106	10	3	2	0	0
17107	攻撃魂石Lv7	力を強化する魂の石\n攻撃+496	魂器用アイテム	4	0	17107	10	4	2	0	0
17108	攻撃魂石Lv8	力を強化する魂の石\n攻撃+779	魂器用アイテム	4	0	17108	10	4	2	0	0
17109	攻撃魂石Lv9	力を強化する魂の石\n攻撃+1226	魂器用アイテム	4	0	17109	10	4	2	0	0
17201	技攻魂石Lv1	力を強化する魂の石\n技攻+16	魂器用アイテム	4	0	17201	10	1	2	0	22
17202	技攻魂石Lv2	力を強化する魂の石\n技攻+48	魂器用アイテム	4	0	17202	10	1	2	0	23
17203	技攻魂石Lv3	力を強化する魂の石\n技攻+78	魂器用アイテム	4	0	17203	10	2	2	0	24
17204	技攻魂石Lv4	力を強化する魂の石\n技攻+126	魂器用アイテム	4	0	17204	10	2	2	0	25
17205	技攻魂石Lv5	力を強化する魂の石\n技攻+196	魂器用アイテム	4	0	17205	10	3	2	0	0
17206	技攻魂石Lv6	力を強化する魂の石\n技攻+315	魂器用アイテム	4	0	17206	10	3	2	0	0
17207	技攻魂石Lv7	力を強化する魂の石\n技攻+496	魂器用アイテム	4	0	17207	10	4	2	0	0
17208	技攻魂石Lv8	力を強化する魂の石\n技攻+779	魂器用アイテム	4	0	17208	10	4	2	0	0
17209	技攻魂石Lv9	力を強化する魂の石\n技攻+1226	魂器用アイテム	4	0	17209	10	4	2	0	0
17301	防御魂石Lv1	力を強化する魂の石\n防御+12	魂器用アイテム	4	0	17301	10	1	2	0	22
17302	防御魂石Lv2	力を強化する魂の石\n防御+36	魂器用アイテム	4	0	17302	10	1	2	0	23
17303	防御魂石Lv3	力を強化する魂の石\n防御+59	魂器用アイテム	4	0	17303	10	2	2	0	24
17304	防御魂石Lv4	力を強化する魂の石\n防御+94	魂器用アイテム	4	0	17304	10	2	2	0	25
17305	防御魂石Lv5	力を強化する魂の石\n防御+148	魂器用アイテム	4	0	17305	10	3	2	0	0
17306	防御魂石Lv6	力を強化する魂の石\n防御+235	魂器用アイテム	4	0	17306	10	3	2	0	0
17307	防御魂石Lv7	力を強化する魂の石\n防御+367	魂器用アイテム	4	0	17307	10	4	2	0	0
17308	防御魂石Lv8	力を強化する魂の石\n防御+577	魂器用アイテム	4	0	17308	10	4	2	0	0
17309	防御魂石Lv9	力を強化する魂の石\n防御+902	魂器用アイテム	4	0	17309	10	4	2	0	0
17401	技防魂石Lv1	力を強化する魂の石\n技防+12	魂器用アイテム	4	0	17401	10	1	2	0	22
17402	技防魂石Lv2	力を強化する魂の石\n技防+36	魂器用アイテム	4	0	17402	10	1	2	0	23
17403	技防魂石Lv3	力を強化する魂の石\n技防+60	魂器用アイテム	4	0	17403	10	2	2	0	24
17404	技防魂石Lv4	力を強化する魂の石\n技防+100	魂器用アイテム	4	0	17404	10	2	2	0	25
17405	技防魂石Lv5	力を強化する魂の石\n技防+160	魂器用アイテム	4	0	17405	10	3	2	0	0
17406	技防魂石Lv6	力を強化する魂の石\n技防+260	魂器用アイテム	4	0	17406	10	3	2	0	0
17407	技防魂石Lv7	力を強化する魂の石\n技防+520	魂器用アイテム	4	0	17407	10	4	2	0	0
17408	技防魂石Lv8	力を強化する魂の石\n技防+680	魂器用アイテム	4	0	17408	10	4	2	0	0
17409	技防魂石Lv9	力を強化する魂の石\n技防+1100	魂器用アイテム	4	0	17409	10	4	2	0	0
17501	体力魂石Lv1	力を強化する魂の石\n体力+60	魂器用アイテム	4	0	17501	10	1	2	0	22
17502	体力魂石Lv2	力を強化する魂の石\n体力+180	魂器用アイテム	4	0	17502	10	1	2	0	23
17503	体力魂石Lv3	力を強化する魂の石\n体力+299	魂器用アイテム	4	0	17503	10	2	2	0	24
17504	体力魂石Lv4	力を強化する魂の石\n体力+472	魂器用アイテム	4	0	17504	10	2	2	0	25
17505	体力魂石Lv5	力を強化する魂の石\n体力+742	魂器用アイテム	4	0	17505	10	3	2	0	0
17506	体力魂石Lv6	力を強化する魂の石\n体力+1177	魂器用アイテム	4	0	17506	10	3	2	0	0
17507	体力魂石Lv7	力を強化する魂の石\n体力+1890	魂器用アイテム	4	0	17507	10	4	2	0	0
17508	体力魂石Lv8	力を強化する魂の石\n体力+3024	魂器用アイテム	4	0	17508	10	4	2	0	0
17509	体力魂石Lv9	力を強化する魂の石\n体力+4620	魂器用アイテム	4	0	17509	10	4	2	0	0
18001	星の石	星の神秘的な力を宿している。	まだ開放しない	4	0	18001	10	1	2	0	0
18002	レーダー	ルーンに関係があるらしい。	まだ開放しない	4	0	18002	10	3	2	0	0
18003	探査機	ルーンに関係があるらしい。	まだ開放しない	4	0	18003	10	4	2	0	0
18011	まだ開放しない	まだ開放しない	まだ開放しない	4	0	F101	10	1	2	0	0
18012	まだ開放しない	まだ開放しない	まだ開放しない	4	0	F102	10	2	2	0	0
18013	まだ開放しない	まだ開放しない	まだ開放しない	4	0	F103	10	3	2	0	0
18014	まだ開放しない	まだ開放しない	まだ開放しない	4	0	F104	10	4	2	0	0
18015	まだ開放しない	まだ開放しない	まだ開放しない	4	0	F105	10	5	2	0	0
18021	まだ開放しない	まだ開放しない	まだ開放しない	4	0	F201	10	1	2	0	0
18022	まだ開放しない	まだ開放しない	まだ開放しない	4	0	F202	10	2	2	0	0
18023	まだ開放しない	まだ開放しない	まだ開放しない	4	0	F203	10	3	2	0	0
18024	まだ開放しない	まだ開放しない	まだ開放しない	4	0	F204	10	4	2	0	0
18025	まだ開放しない	まだ開放しない	まだ開放しない	4	0	F205	10	5	2	0	0
18031	まだ開放しない	まだ開放しない	まだ開放しない	4	0	F301	10	1	2	0	0
18032	まだ開放しない	まだ開放しない	まだ開放しない	4	0	F302	10	2	2	0	0
18033	まだ開放しない	まだ開放しない	まだ開放しない	4	0	F303	10	3	2	0	0
18034	まだ開放しない	まだ開放しない	まだ開放しない	4	0	F304	10	4	2	0	0
18035	まだ開放しない	まだ開放しない	まだ開放しない	4	0	F305	10	5	2	0	0
18041	まだ開放しない	まだ開放しない	まだ開放しない	4	0	F401	10	1	2	0	0
18042	まだ開放しない	まだ開放しない	まだ開放しない	4	0	F402	10	2	2	0	0
18043	まだ開放しない	まだ開放しない	まだ開放しない	4	0	F403	10	3	2	0	0
18044	まだ開放しない	まだ開放しない	まだ開放しない	4	0	F404	10	4	2	0	0
18045	まだ開放しない	まだ開放しない	まだ開放しない	4	0	F405	10	5	2	0	0
18051	まだ開放しない	まだ開放しない	まだ開放しない	4	0	F501	10	1	2	0	0
18052	まだ開放しない	まだ開放しない	まだ開放しない	4	0	F502	10	2	2	0	0
18053	まだ開放しない	まだ開放しない	まだ開放しない	4	0	F503	10	3	2	0	0
18054	まだ開放しない	まだ開放しない	まだ開放しない	4	0	F504	10	4	2	0	0
18055	まだ開放しない	まだ開放しない	まだ開放しない	4	0	F505	10	5	2	0	0
18064	まだ開放しない	まだ開放しない	まだ開放しない	4	0	F604	10	4	2	0	0
18065	まだ開放しない	まだ開放しない	まだ開放しない	4	0	F605	10	5	2	0	0
18074	まだ開放しない	まだ開放しない	まだ開放しない	4	0	F704	10	4	2	0	0
18075	まだ開放しない	まだ開放しない	まだ開放しない	4	0	F705	10	5	2	0	0
18084	まだ開放しない	まだ開放しない	まだ開放しない	4	0	F804	10	4	2	0	0
18085	まだ開放しない	まだ開放しない	まだ開放しない	4	0	F805	10	5	2	0	0
18094	まだ開放しない	まだ開放しない	まだ開放しない	4	0	F904	10	4	2	0	0
18095	まだ開放しない	まだ開放しない	まだ開放しない	4	0	F905	10	5	2	0	0
18104	まだ開放しない	まだ開放しない	まだ開放しない	4	0	F1004	10	4	2	0	0
18105	まだ開放しない	まだ開放しない	まだ開放しない	4	0	F1005	10	5	2	0	0
18114	まだ開放しない	まだ開放しない	まだ開放しない	4	0	F1104	10	4	2	0	0
18115	まだ開放しない	まだ開放しない	まだ開放しない	4	0	F1105	10	5	2	0	0
18124	まだ開放しない	まだ開放しない	まだ開放しない	4	0	F1204	10	4	2	0	0
18125	まだ開放しない	まだ開放しない	まだ開放しない	4	0	F1205	10	5	2	0	0
18134	まだ開放しない	まだ開放しない	まだ開放しない	4	0	F1304	10	4	2	0	0
18135	まだ開放しない	まだ開放しない	まだ開放しない	4	0	F1305	10	5	2	0	0
19001	地の力	個性を強化するのに必要なアイテム	個性強化素材	3	104	19001	0	1	2	0	26
19002	日の力	個性を強化するのに必要なアイテム	個性強化素材	3	104	19002	0	2	2	0	27
19003	月の力	個性を強化するのに必要なアイテム	個性強化素材	3	104	19003	0	3	2	0	28
19004	天の力	個性を強化するのに必要なアイテム	個性強化素材	3	104	19004	0	4	2	0	0
19005	靈の力	個性を強化するのに必要なアイテム	個性強化素材	3	104	19005	0	5	2	0	0
20001	まだ開放しない	まだ開放しない	まだ開放しない	11	0	icon	0	3	1	0	0
20002	まだ開放しない	まだ開放しない	まだ開放しない	11	0	icon	0	4	1	0	0
21001	スタミナ弁当	チームミラージュから支給されるお弁当！	スタミナ回復用アイテム	12	104	21001	0	4	2	0	0
21002	ST2	まだ開放しない	まだ開放しない	12	104	17105	0	3	2	0	0
21003	ST3	まだ開放しない	まだ開放しない	12	104	17105	0	2	2	0	0
22001	まだ開放しない	まだ開放しない	まだ開放しない	13	0	icon	0	4	1	0	0
23001	天使の翼	神の使者の翼	翼アイテム	15	0	23001	10	1	2	0	29
23002	天使の翼	神の使者の翼	翼アイテム	15	0	23001	10	1	2	0	30
23003	天使の翼	神の使者の翼	翼アイテム	15	0	23001	10	1	2	0	0
23004	天使の翼	神の使者の翼	翼アイテム	15	0	23001	10	1	2	0	0
23005	天使の翼	神の使者の翼	翼アイテム	15	0	23001	10	1	2	0	0
23011	霊魂の翼	綺麗な霊魂の翼	翼アイテム	15	0	23011	10	2	2	0	0
23012	霊魂の翼	綺麗な霊魂の翼	翼アイテム	15	0	23011	10	2	2	0	0
23013	霊魂の翼	綺麗な霊魂の翼	翼アイテム	15	0	23011	10	2	2	0	0
23014	霊魂の翼	綺麗な霊魂の翼	翼アイテム	15	0	23011	10	2	2	0	0
23015	霊魂の翼	綺麗な霊魂の翼	翼アイテム	15	0	23011	10	2	2	0	0
23021	無垢の翼	無垢なる翼	翼アイテム	15	0	23021	10	3	2	0	0
23022	無垢の翼	無垢なる翼	翼アイテム	15	0	23021	10	3	2	0	0
23023	無垢の翼	無垢なる翼	翼アイテム	15	0	23021	10	3	2	0	0
23024	無垢の翼	無垢なる翼	翼アイテム	15	0	23021	10	3	2	0	0
23025	無垢の翼	無垢なる翼	翼アイテム	15	0	23021	10	3	2	0	0
23031	光耀の翼	光り輝く翼	翼アイテム	15	0	23031	10	4	2	0	0
23032	光耀の翼	光り輝く翼	翼アイテム	15	0	23031	10	4	2	0	0
23033	光耀の翼	光り輝く翼	翼アイテム	15	0	23031	10	4	2	0	0
23034	光耀の翼	光り輝く翼	翼アイテム	15	0	23031	10	4	2	0	0
23035	光耀の翼	光り輝く翼	翼アイテム	15	0	23031	10	4	2	0	0
23041	エリカの翼	創造神と呼ばれる神の翼	翼アイテム	15	0	23041	10	5	2	0	0
23042	エリカの翼	創造神と呼ばれる神の翼	翼アイテム	15	0	23041	10	5	2	0	0
23043	エリカの翼	創造神と呼ばれる神の翼	翼アイテム	15	0	23041	10	5	2	0	0
23044	エリカの翼	創造神と呼ばれる神の翼	翼アイテム	15	0	23041	10	5	2	0	0
23045	エリカの翼	創造神と呼ばれる神の翼	翼アイテム	15	0	23041	10	5	2	0	0
23051	神聖の翼	究極の翼	翼アイテム	15	0	23051	10	5	2	0	0
23052	神聖の翼	究極の翼	翼アイテム	15	0	23051	10	5	2	0	0
23053	神聖の翼	究極の翼	翼アイテム	15	0	23051	10	5	2	0	0
23054	神聖の翼	究極の翼	翼アイテム	15	0	23051	10	5	2	0	0
23055	神聖の翼	究極の翼	翼アイテム	15	0	23051	10	5	2	0	0
24001	神獣の羽根	翼を強くすることが出来る聖なる神獣の羽根	翼強化用	16	101	24001	10	4	2	0	31
24002	奇妙なキャンディ	ペットが強くなる！	ペット強化用	18	0	24002	10	4	2	0	0
24003	珍しいキャンディ	ペットが強くなる！	ペット強化用	18	0	24003	10	4	2	0	0
25001	種1	種1	種1	3	0	25001	10	1	2	0	0
25002	種2	種2	種2	3	0	25002	10	1	2	0	0
25003	種3	種3	種3	3	0	25003	10	1	2	0	0
25004	種4	種4	種4	3	0	25004	10	1	2	0	0
25005	種5	種5	種5	3	0	25005	10	1	2	0	0
25006	種6	種6	種6	3	0	25006	10	1	2	0	0
25007	種7	種7	種7	3	0	25007	10	1	2	0	0
26001	農作物1	農作物1	農作物1	3	0	26001	10	1	2	0	0
26002	農作物2	農作物2	農作物2	3	0	26002	10	1	2	0	0
26003	農作物3	農作物3	農作物3	3	0	26003	10	1	2	0	0
26004	農作物4	農作物4	農作物4	3	0	26004	10	1	2	0	0
26005	農作物5	農作物5	農作物5	3	0	26005	10	1	2	0	0
26006	農作物6	農作物6	農作物6	3	0	26006	10	1	2	0	0
26007	農作物7	農作物7	農作物7	3	0	26007	10	1	2	0	0
27001	霊妙猫	奇妙な猫	不思議なペット	17	0	27001	10	3	2	0	0
27002	魔力猫	奇妙な猫	不思議なペット	17	0	27001	10	3	2	0	0
27003	光耀忍者猫	忍者修行中	不思議なペット	17	0	27001	10	3	2	0	0
27004	星の忍者猫	忍者修行中	不思議なペット	17	0	27001	10	3	2	0	0
27005	幽魔紳士猫	紳士な猫	不思議なペット	17	0	27005	10	4	2	0	0
27006	純真紳士猫	紳士な猫	不思議なペット	17	0	27005	10	4	2	0	0
27007	霊幻ライガー	赤いタテガミが美しい	不思議なペット	17	0	27005	10	4	2	0	0
27008	魔幻ライガー	赤いタテガミが美しい	不思議なペット	17	0	27005	10	4	2	0	0
27009	赤焰ライガー	強いライガーだ	不思議なペット	17	0	27009	10	5	2	0	0
27010	灼炎ライガー	強いライガーだ	不思議なペット	17	0	27009	10	5	2	0	0
27011	電光ライガー	最強のライガー	不思議なペット	17	0	27009	10	5	2	0	0
27012	疾雷ライガー	最強のライガー	不思議なペット	17	0	27009	10	5	2	0	0
30001	柳蘭の情報	墨陽の剣は名刀の里である西平で鍛えられた業物。雪のように白い刀身を輝かせる最も美しい武器の一つ。	回復系	14	102	H001_icon_01	0	2	2	0	0
30002	メラニーの情報	天叢雲剣は三種の神器の一つ。天上の神に選ばれた英雄にのみ授けられる剣である。	前衛、全体攻撃（AoE）	14	102	H002_icon_01	0	3	2	0	0
30003	葵華の情報	美しい刃紋を持つ鋭い切れ味の「妖刀」。まるで豆腐でも切るかのように鉄を斬るが、持つ者の心を惑わせると伝えられている。	敵単体へ大ダメージ	14	102	H003_icon_01	0	1	2	0	0
30004	冥翠の情報	小ぶりだが精緻な業物で、まっすぐな刀身は忠誠と勇敢の象徴である。織田信長の家臣、蒲生氏郷のものだったと伝えられている。	クリティカル	14	102	H004_icon_01	0	1	2	0	0
30005	美巴瑠の情報	高名な上人に寄進されたと言われる名刀。「破邪顕正の剣」と称される。	回復系	14	102	H005_icon_01	0	1	2	0	0
30006	望乃の情報	日本の神話に登場する剣で、最初の所有者はイザナギとされる。凄まじい力を秘めた神々の剣である。	前衛	14	102	H006_icon_01	0	3	2	0	0
30007	ノエリアの情報	中国の九大名剣のトップ。春秋戦国時代初期に鍛えられ、2700年経ってなおその切れ味は鋭さを増す一方である。	後衛の敵に攻撃	14	102	H007_icon_01	0	1	2	0	0
30008	麗雅の情報	源頼光が自分を熱病に苦しめた妖怪「土蜘蛛」を斬ったことから「蜘蛛切」と名付けられる。日本の伝説にその名を残す霊剣である。	高攻撃力	14	102	H008_icon_01	0	3	2	0	0
30009	クラレッタの情報	ライフリングを施されていない銃身は命中精度が極めて悪くクセが強い。しかし彼女は銃と一体になる事により、それを見事に使いこなしてみせる。	後衛の敵に攻撃	14	102	H009_icon_01	0	1	2	0	0
30010	イレーネの情報	「現世を切り開くことができる」剣。世界を創造することも、逆に破滅することもできると言われている。	前衛、全体攻撃（AoE）	14	102	H010_icon_01	0	3	2	0	0
30011	キャロルの情報	古代中国の十大名剣の一つで威道の剣とも呼ばれる。欧冶子と干将の二大刀工が協力して鍛え上げた。楚の国の鎮国の宝剣。	敵単体へ大ダメージ	14	102	H011_icon_01	0	1	2	0	0
30012	マクシーンの情報	アーサー王の伝説に登場する聖剣の一つ。魔力を秘めた剣は王の象徴であり、その鞘を持つ者は流血しないといわれる。	水属性に強い	14	102	H012_icon_01	0	3	2	0	0
30013	二コラの情報	妖精が鍛造した巨人族の武器で、全長が2メートルを超える巨大な剣である。刀身には美しい模様が浮かんでいる。	前衛	14	102	H013_icon_01	0	3	2	0	0
30014	水桃の情報	天下三名槍のうちの一筋である。槍を立てていたところに飛んできた蜻蛉（とんぼ）が当たって二つに切れたことから蜻蛉切の名が付いた。	SPを大量ゲット	14	102	H014_icon_01	0	1	2	0	0
30015	コーディーの情報	キリストに突き刺された槍で、この槍を持つ者は世界の運命を支配すると言われている。権威と共に悲劇の象徴でもある。	敵単体へ大ダメージ	14	102	H015_icon_01	0	3	2	0	0
30016	リーゼロッテの情報	専諸が呉王僚を刺した時の勇絶の剣で、非常に頑強で実践向き。道理に背き謀反を起こした非道の武器である。	味方単体HPを回復	14	102	H016_icon_01	0	1	2	0	0
30017	リリヤの情報	三日月は刀身に三日月形の刃紋が浮かんでいることから名づけられたと言われている。天下五剣のうちで最も美しい一振りだと称えられている。	全体攻撃（AoE）	14	102	H017_icon_01	0	3	2	0	0
30018	ディオニシスの情報	干将は莫邪と対の剣である。誰もそれを引き離すことはできない。莫邪と同様、一途な剣である。	高攻撃力	14	102	H018_icon_01	0	1	2	0	0
30019	リンジーの情報	魂が宿る不思議な武器。強大なパワーを秘めているがゆえに、完璧な主人を武器自身が求める。	敵単体へ大ダメージ	14	102	H019_icon_01	0	3	2	0	0
30020	シェスタの情報	ヨーロッパの三大聖剣の一つ。キリストに突き刺されたロンギヌスの槍の先端部分だとも伝えられている。	味方全員のHPを回復	14	102	H020_icon_01	0	2	2	0	0
30021	オルガの情報	左文字が鍛え、板部岡江雪が所持していたのでこの名がついた。その後は徳川家康に渡った剣である。	敵単体へ大ダメージ	14	102	H021_icon_01	0	3	2	0	0
30022	ミリアムの情報	この世で最も鋭いとされる剣であり、「天使の剣」と呼ばれている。これを持つ者は天帝と天使の庇護を受ける。	味方単体のHPを回復	14	102	H022_icon_01	0	1	2	0	0
30023	エミリの情報	シャムシールは中近東で生まれた剣である。三日月のように美しく細い刀身が特徴の武器。	敵のSPを増やさない	14	102	H023_icon_01	0	1	2	0	0
30024	ウルリカの情報	神代三剣の一振りである。建御雷神や神武天皇が所有していたとされる。	敵単体へ大ダメージ	14	102	H024_icon_01	0	2	2	0	0
30025	エルマの情報	莫邪は干将と一対の剣である。誰もそれを引き離すことはできない。干将と同様、一途な剣である。	全体攻撃（AoE）	14	102	H025_icon_01	0	3	2	0	0
30026	ルミアの情報	「堅硬の剣」には雷の力が宿っており、その攻撃は雷のように速く、一瞬で強大なダメージを与えられる。	全体攻撃（AoE）	14	102	H026_icon_01	0	1	2	0	0
30027	まだ開放しない	まだ開放しない	まだ開放しない	14	102	H027_icon_01	0	1	2	0	0
30028	まだ開放しない	まだ開放しない	まだ開放しない	14	102	H028_icon_01	0	1	2	0	0
30029	まだ開放しない	まだ開放しない	まだ開放しない	14	102	H029_icon_01	0	1	2	0	0
30030	ロシェルの情報	佐佐木小次郎が所有するものらしい。備前国の刀工「長光」が作られたそうです。	全体攻撃（AoE）	14	102	H030_icon_01	0	3	2	0	0
30031	ティアナの情報	宵練剣と含光、承影は孔周の三宝剣と呼ばれる	味方全員のHPを回復	14	102	H031_icon_01	0	1	2	0	0
30032	まだ開放しない	まだ開放しない	まだ開放しない	14	102	H032_icon_01	0	1	2	0	0
30033	まだ開放しない	まだ開放しない	まだ開放しない	14	102	H033_icon_01	0	1	2	0	0
30034	まだ開放しない	まだ開放しない	まだ開放しない	14	102	H034_icon_01	0	1	2	0	0
30035	まだ開放しない	まだ開放しない	まだ開放しない	14	102	H035_icon_01	0	1	2	0	0
30036	まだ開放しない	まだ開放しない	まだ開放しない	14	102	H036_icon_01	0	1	2	0	0
30037	まだ開放しない	まだ開放しない	まだ開放しない	14	102	H037_icon_01	0	1	2	0	0
30038	まだ開放しない	まだ開放しない	まだ開放しない	14	102	H038_icon_01	0	1	2	0	0
30039	まだ開放しない	まだ開放しない	まだ開放しない	14	102	H039_icon_01	0	1	2	0	0
30040	まだ開放しない	まだ開放しない	まだ開放しない	14	102	H040_icon_01	0	1	2	0	0
30041	トゥーラの情報	日本の江戸時代、警察官が使っている武器「袖搦（そでがらみ）」である。	高HP	14	102	H041_icon_01	0	3	2	0	0
30042	アリーチェの情報	越王勾践の八振りの剣の一つとなります。憑かれた者はこれを見ると、怖くて逃げてしまう伝説がある。	敵のSPを増やさない	14	102	H042_icon_01	0	3	2	0	0
30043	まだ開放しない	まだ開放しない	まだ開放しない	14	102	H043_icon_01	0	1	2	0	0
30044	まだ開放しない	まだ開放しない	まだ開放しない	14	102	H044_icon_01	0	1	2	0	0
30045	まだ開放しない	まだ開放しない	まだ開放しない	14	102	H045_icon_01	0	1	2	0	0
30046	まだ開放しない	まだ開放しない	まだ開放しない	14	102	H046_icon_01	0	1	2	0	0
30047	まだ開放しない	まだ開放しない	まだ開放しない	14	102	H047_icon_01	0	1	2	0	0
30048	まだ開放しない	まだ開放しない	まだ開放しない	14	102	H048_icon_01	0	1	2	0	0
30049	まだ開放しない	まだ開放しない	まだ開放しない	14	102	H049_icon_01	0	1	2	0	0
30050	まだ開放しない	まだ開放しない	まだ開放しない	14	102	H050_icon_01	0	1	2	0	0
30051	まだ開放しない	まだ開放しない	まだ開放しない	14	102	H051_icon_01	0	1	2	0	0
30052	まだ開放しない	まだ開放しない	まだ開放しない	14	102	H052_icon_01	0	1	2	0	0
30053	まだ開放しない	まだ開放しない	まだ開放しない	14	102	H053_icon_01	0	1	2	0	0
30054	まだ開放しない	まだ開放しない	まだ開放しない	14	102	H054_icon_01	0	1	2	0	0
30055	まだ開放しない	まだ開放しない	まだ開放しない	14	102	H055_icon_01	0	1	2	0	0
30056	まだ開放しない	まだ開放しない	まだ開放しない	14	102	H056_icon_01	0	1	2	0	0
30057	まだ開放しない	まだ開放しない	まだ開放しない	14	102	H057_icon_01	0	1	2	0	0
30058	まだ開放しない	まだ開放しない	まだ開放しない	14	102	H058_icon_01	0	1	2	0	0
30059	深緑の情報	三国時代に孫堅が使わている刀である。刀術は「猛虎の如し」と言われる。	前衛の敵に攻撃	14	102	H059_icon_01	0	1	2	0	0
30060	宮成の情報	名刀であり、名手と呼ばれる肥前忠吉によって鍛えられた。岡田以蔵が愛用していたといわれる。	中衛、全体攻撃	14	102	H060_icon_01	0	3	2	0	0
30061	アンバーの情報	血のように赤い琥珀から作られる妖刀。	中衛	14	102	H061_icon_01	0	3	2	0	0
30101	情報	主人公の情報	前衛、高攻撃力、高防御力	14	102	P101_icon_01	0	1	2	0	0
30102	情報	主人公の情報	全体攻撃、スキルカードをゲット	14	102	P102_icon_01	0	1	2	0	0
30103	情報	主人公の情報	全体攻撃	14	102	P103_icon_01	0	1	2	0	0
39999	情報	主人公の情報	全体攻撃	14	102	P999_icon_01	0	1	2	0	50
40001	柳蘭	墨陽の剣は名刀の里である西平で鍛えられた業物。雪のように白い刀身を輝かせる最も美しい武器の一つ。	回復系	14	102	H001_icon_01	0	2	2	0	0
40002	メラニー	天叢雲剣は三種の神器の一つ。天上の神に選ばれた英雄にのみ授けられる剣である。	前衛、全体攻撃（AoE）	14	102	H002_icon_01	0	3	2	0	96
40003	葵華	美しい刃紋を持つ鋭い切れ味の「妖刀」。まるで豆腐でも切るかのように鉄を斬るが、持つ者の心を惑わせると伝えられている。	敵単体へ大ダメージ	14	102	H003_icon_01	0	1	2	0	96
40004	冥翠	小ぶりだが精緻な業物で、まっすぐな刀身は忠誠と勇敢の象徴である。織田信長の家臣、蒲生氏郷のものだったと伝えられている。	クリティカル	14	102	H004_icon_01	0	1	2	0	96
40005	美巴瑠	高名な上人に寄進されたと言われる名刀。「破邪顕正の剣」と称される。	回復系	14	102	H005_icon_01	0	1	2	0	96
40006	望乃	日本の神話に登場する剣で、最初の所有者はイザナギとされる。凄まじい力を秘めた神々の剣である。	前衛	14	102	H006_icon_01	0	3	2	0	97
40007	ノエリア	中国の九大名剣のトップ。春秋戦国時代初期に鍛えられ、2700年経ってなおその切れ味は鋭さを増す一方である。	後衛の敵に攻撃	14	102	H007_icon_01	0	1	2	0	96
40008	麗雅	源頼光が自分を熱病に苦しめた妖怪「土蜘蛛」を斬ったことから「蜘蛛切」と名付けられる。日本の伝説にその名を残す霊剣である。	高攻撃力	14	102	H008_icon_01	0	3	2	0	96
40009	クラレッタ	ライフリングを施されていない銃身は命中精度が極めて悪くクセが強い。しかし彼女は銃と一体になる事により、それを見事に使いこなしてみせる。	後衛の敵に攻撃	14	102	H009_icon_01	0	1	2	0	96
40010	イレーネ	「現世を切り開くことができる」剣。世界を創造することも、逆に破滅することもできると言われている。	前衛、全体攻撃（AoE）	14	102	H010_icon_01	0	3	2	0	97
40011	キャロル	古代中国の十大名剣の一つで威道の剣とも呼ばれる。欧冶子と干将の二大刀工が協力して鍛え上げた。楚の国の鎮国の宝剣。	敵単体へ大ダメージ	14	102	H011_icon_01	0	1	2	0	96
40012	マクシーン	アーサー王の伝説に登場する聖剣の一つ。魔力を秘めた剣は王の象徴であり、その鞘を持つ者は流血しないといわれる。	水属性に強い	14	102	H012_icon_01	0	3	2	0	0
40013	ニコラ	妖精が鍛造した巨人族の武器で、全長が2メートルを超える巨大な剣である。刀身には美しい模様が浮かんでいる。	前衛	14	102	H013_icon_01	0	3	2	0	97
40014	水桃	天下三名槍のうちの一筋である。槍を立てていたところに飛んできた蜻蛉（とんぼ）が当たって二つに切れたことから蜻蛉切の名が付いた。	SPを大量ゲット	14	102	H014_icon_01	0	1	2	0	96
40015	コーディー	キリストに突き刺された槍で、この槍を持つ者は世界の運命を支配すると言われている。権威と共に悲劇の象徴でもある。	敵単体へ大ダメージ	14	102	H015_icon_01	0	3	2	0	99
40016	リーゼロッテ	専諸が呉王僚を刺した時の勇絶の剣で、非常に頑強で実践向き。道理に背き謀反を起こした非道の武器である。	味方単体のHPを回復	14	102	H016_icon_01	0	1	2	0	96
40017	リリヤ	三日月は刀身に三日月形の刃紋が浮かんでいることから名づけられたと言われている。天下五剣のうちで最も美しい一振りだと称えられている。	全体攻撃（AoE）	14	102	H017_icon_01	0	3	2	0	97
40018	ディオニシス	干将は莫邪と対の剣である。誰もそれを引き離すことはできない。莫邪と同様、一途な剣である。	高攻撃力	14	102	H018_icon_01	0	1	2	0	0
40019	リンジー	魂が宿る不思議な武器。強大なパワーを秘めているがゆえに、完璧な主人を武器自身が求める。	敵単体へ大ダメージ	14	102	H019_icon_01	0	3	2	0	0
40020	シェスタ	ヨーロッパの三大聖剣の一つ。キリストに突き刺されたロンギヌスの槍の先端部分だとも伝えられている。	味方全員のHPを回復	14	102	H020_icon_01	0	2	2	0	98
40021	オルガ	左文字が鍛え、板部岡江雪が所持していたのでこの名がついた。その後は徳川家康に渡った剣である。	敵単体へ大ダメージ	14	102	H021_icon_01	0	3	2	0	97
40022	ミリアム	この世で最も鋭いとされる剣であり、「天使の剣」と呼ばれている。これを持つ者は天帝と天使の庇護を受ける。	味方単体のHPを回復	14	102	H022_icon_01	0	1	2	0	96
40023	エミリ	シャムシールは中近東で生まれた剣である。三日月のように美しく細い刀身が特徴の武器。	敵のSPを増やさない	14	102	H023_icon_01	0	1	2	0	96
40024	ウルリカ	神代三剣の一振りである。建御雷神や神武天皇が所有していたとされる。	敵単体へ大ダメージ	14	102	H024_icon_01	0	2	2	0	96
40025	エルマ	莫邪は干将と一対の剣である。誰もそれを引き離すことはできない。干将と同様、一途な剣である。	全体攻撃（AoE）	14	102	H025_icon_01	0	3	2	0	0
40026	ルミア	「堅硬の剣」には雷の力が宿っており、その攻撃は雷のように速く、一瞬で強大なダメージを与えられる。	全体攻撃（AoE）	14	102	H026_icon_01	0	1	2	0	95
40027	まだ開放しない	まだ開放しない	まだ開放しない	14	102	H027_icon_01	0	1	2	0	0
40028	まだ開放しない	まだ開放しない	まだ開放しない	14	102	H028_icon_01	0	1	2	0	0
40029	まだ開放しない	まだ開放しない	まだ開放しない	14	102	H029_icon_01	0	1	2	0	0
40030	ロシェル	佐佐木小次郎が所有するものらしい。備前国の刀工「長光」が作られたそうです。	全体攻撃（AoE）	14	102	H030_icon_01	0	3	2	0	0
40031	ティアナ	宵練剣と含光、承影は孔周の三宝剣と呼ばれる	味方全員のHPを回復	14	102	H031_icon_01	0	1	2	0	0
40032	まだ開放しない	まだ開放しない	まだ開放しない	14	102	H032_icon_01	0	1	2	0	0
40033	まだ開放しない	まだ開放しない	まだ開放しない	14	102	H033_icon_01	0	1	2	0	0
40034	まだ開放しない	まだ開放しない	まだ開放しない	14	102	H034_icon_01	0	1	2	0	0
40035	まだ開放しない	まだ開放しない	まだ開放しない	14	102	H035_icon_01	0	1	2	0	0
40036	まだ開放しない	まだ開放しない	まだ開放しない	14	102	H036_icon_01	0	1	2	0	0
40037	まだ開放しない	まだ開放しない	まだ開放しない	14	102	H037_icon_01	0	1	2	0	0
40038	まだ開放しない	まだ開放しない	まだ開放しない	14	102	H038_icon_01	0	1	2	0	0
40039	まだ開放しない	まだ開放しない	まだ開放しない	14	102	H039_icon_01	0	1	2	0	0
40040	まだ開放しない	まだ開放しない	まだ開放しない	14	102	H040_icon_01	0	1	2	0	0
40041	トゥーラ	日本の江戸時代、警察官が使っている武器「袖搦（そでがらみ）」である。	高HP	14	102	H041_icon_01	0	3	2	0	0
40042	アリーチェ	越王勾践の八振りの剣の一つとなります。憑かれた者はこれを見ると、怖くて逃げてしまう伝説がある。	敵のSPを増やさない	14	102	H042_icon_01	0	3	2	0	0
40043	まだ開放しない	まだ開放しない	まだ開放しない	14	102	H043_icon_01	0	1	2	0	0
40044	まだ開放しない	まだ開放しない	まだ開放しない	14	102	H044_icon_01	0	1	2	0	0
40045	まだ開放しない	まだ開放しない	まだ開放しない	14	102	H045_icon_01	0	1	2	0	0
40046	まだ開放しない	まだ開放しない	まだ開放しない	14	102	H046_icon_01	0	1	2	0	0
40047	まだ開放しない	まだ開放しない	まだ開放しない	14	102	H047_icon_01	0	1	2	0	0
40048	まだ開放しない	まだ開放しない	まだ開放しない	14	102	H048_icon_01	0	1	2	0	0
40049	まだ開放しない	まだ開放しない	まだ開放しない	14	102	H049_icon_01	0	1	2	0	0
40050	まだ開放しない	まだ開放しない	まだ開放しない	14	102	H050_icon_01	0	1	2	0	0
40051	まだ開放しない	まだ開放しない	まだ開放しない	14	102	H051_icon_01	0	1	2	0	0
40052	まだ開放しない	まだ開放しない	まだ開放しない	14	102	H052_icon_01	0	1	2	0	0
40053	まだ開放しない	まだ開放しない	まだ開放しない	14	102	H053_icon_01	0	1	2	0	0
40054	まだ開放しない	まだ開放しない	まだ開放しない	14	102	H054_icon_01	0	1	2	0	0
40055	まだ開放しない	まだ開放しない	まだ開放しない	14	102	H055_icon_01	0	1	2	0	0
40056	まだ開放しない	まだ開放しない	まだ開放しない	14	102	H056_icon_01	0	1	2	0	0
40057	まだ開放しない	まだ開放しない	まだ開放しない	14	102	H057_icon_01	0	1	2	0	0
40058	まだ開放しない	まだ開放しない	まだ開放しない	14	102	H058_icon_01	0	1	2	0	0
40059	深緑	三国時代に孫堅が使わている刀である。刀術は「猛虎の如し」と言われる。	前衛の敵に攻撃	14	102	H059_icon_01	0	1	2	0	0
40060	宮成	名刀であり、名手と呼ばれる肥前忠吉によって鍛えられた。岡田以蔵が愛用していたといわれる。	中衛、全体攻撃	14	102	H060_icon_01	0	3	2	0	0
40061	アンバー	血のように赤い琥珀から作られる妖刀。	中衛	14	102	H061_icon_01	0	3	2	0	0
5002600	セーラー服	古き良きセーラー服！	ルミアの専用アバター	18	0	skin_026	0	1	2	0	0
5002601	セーラー服（白） 	古き良きセーラー服の白！	ルミアの専用アバター	18	0	skin_white	0	1	2	0	0
5002602	セーラー服（黒） 	古き良きセーラー服の黒！ 	ルミアの専用アバター	18	0	skin_black	0	1	2	0	0
5004200	セーラー服	古き良きセーラー服！	アリーチェの専用アバター	18	0	skin_042	0	1	2	0	0
5004201	セーラー服（白） 	古き良きセーラー服の白！	アリーチェの専用アバター	18	0	skin_white	0	1	2	0	0
5004202	セーラー服（黒） 	古き良きセーラー服の黒！ 	アリーチェの専用アバター	18	0	skin_black	0	1	2	0	0
5010100	セーラー服	古き良きセーラー服！	メインキャラの専用アバター	18	0	skin_101	0	1	2	0	0
5010101	セーラー服（白） 	古き良きセーラー服の白！	メインキャラの専用アバター	18	0	skin_white	0	1	2	0	0
5010102	セーラー服（黒） 	古き良きセーラー服の黒！ 	メインキャラの専用アバター	18	0	skin_black	0	1	2	0	0
5010200	セーラー服	古き良きセーラー服！	メインキャラの専用アバター	18	0	skin_102	0	1	2	0	0
5010201	セーラー服（白） 	古き良きセーラー服の白！	メインキャラの専用アバター	18	0	skin_white	0	1	2	0	0
5010202	セーラー服（黒） 	古き良きセーラー服の黒！ 	メインキャラの専用アバター	18	0	skin_black	0	1	2	0	0
5010300	セーラー服	古き良きセーラー服！	メインキャラの専用アバター	18	0	skin_103	0	1	2	0	0
5010301	セーラー服（白） 	古き良きセーラー服の白！	メインキャラの専用アバター	18	0	skin_white	0	1	2	0	0
5010302	セーラー服（黒） 	古き良きセーラー服の黒！ 	メインキャラの専用アバター	18	0	skin_black	0	1	2	0	0
5999900	セーラー服	古き良きセーラー服！	メインキャラの専用アバター	18	0	skin_999	0	1	2	0	0
5999901	セーラー服（白） 	古き良きセーラー服の白！	メインキャラの専用アバター	18	0	skin_white	0	1	2	0	0
5999902	セーラー服（黒） 	古き良きセーラー服の黒！ 	メインキャラの専用アバター	18	0	skin_black	0	1	2	0	0
90061	西瓜のメット	望乃の固有装備	固有装備用アイテム	19	0	90061	0	1	2	0	0
90063	猫又鈴	望乃の固有装備	固有装備用アイテム	19	0	90063	0	3	2	0	0
90072	王者の籠手	ノエリアの固有装備	固有装備用アイテム	19	0	90072	0	2	2	0	0
90073	王者の鎧	ノエリアの固有装備	固有装備用アイテム	19	0	90073	0	3	2	0	0
90572	安全メット	パウラの固有装備	固有装備用アイテム	19	0	90572	0	2	2	0	0
90573	七つ工具	パウラの固有装備	固有装備用アイテム	19	0	90573	0	3	2	0	0