number	string	number	number	number	string	array	number	string	array	string	number	number	number	number	array2	number	array2	array	array2	array	number
id	name	job	rare	level	source	monster_name	boss_name	boss_story	piece_name	portrait	exp	coin	soul	pre_level	item_drop	monster_level	initial_monster	initial_boss	monster	boss	fighting_capacity
5001	斯露德	3	2	10	resource/scene/bf003/bf003_merge.sce	"[4056,4059,4062]"	2017	雷神索爾和希芙的女兒，她名字的意思是“力量”，作為女武神之一，集智慧、美麗、武力於一身	"[32017,18001]"	H017	6	400	20	0	"[[32017,4000,1],[18001,2000,1]]"	15	"[[4059,-20,2],[4059,40,1],[4059,50,3],[4062,160,2],[4056,220,1],[4056,230,3]]"	[]	"[[4059,12,2],[4059,12.6,1],[4059,14,3],[4059,14.3,1],[4059,14.6,3]]"	"[4017,10]"	555
5002	屠龙齐格飞	2	3	10	resource/scene/bf003/bf003_merge.sce	"[4056,4059,4062]"	2021	年輕的鐵匠，殺死魔龍法夫納救了冰島皇後布倫希爾德並相愛。龍血沐浴刀槍不入，只有後背上樹葉覆蓋的地方成為了弱點	"[32021,18001]"	H021	6	440	20	5001	"[[32021,4000,1],[18001,2000,1]]"	17	"[[4059,-20,2],[4059,40,1],[4059,50,3],[4062,160,2],[4056,220,1],[4056,230,3]]"	[]	"[[4059,12,2],[4059,12.6,1],[4059,14,3],[4059,14.3,1],[4059,14.6,3]]"	"[4021,10]"	555
5003	战场女武神	4	3	10	resource/scene/bf003/bf003_merge.sce	"[4056,4059,4062]"	2016	負責在陸地的戰場上挑選勇敢的戰死者，也會到海上從沉沒的大龍船裡挑選將死的勇敢維京人	"[32016,18001]"	H016	6	480	20	5002	"[[32016,4000,1],[18001,2000,1]]"	20	"[[4059,-20,2],[4059,40,1],[4059,50,3],[4062,160,2],[4056,220,1],[4056,230,3]]"	[]	"[[4059,12,2],[4059,12.6,1],[4059,14,3],[4059,14.3,1],[4059,14.6,3]]"	"[4016,10]"	563
5004	斯巴达战鬼	1	4	10	resource/scene/bf003/bf003_merge.sce	"[4056,4059,4062]"	2104	戰士的庇護者，羅馬的守護神，相傳是羅馬城建造者羅穆盧斯的父親，因此他也是羅馬人的祖先	"[32104,18001]"	H104	6	520	20	5003	"[[32104,4000,1],[18001,2000,1]]"	22	"[[4059,-20,2],[4059,40,1],[4059,50,3],[4062,160,2],[4056,220,1],[4056,230,3]]"	[]	"[[4059,12,2],[4059,12.6,1],[4059,14,3],[4059,14.3,1],[4059,14.6,3]]"	"[4104,10]"	563
5005	瓦尔基里	1	5	10	resource/scene/bf005/bf005_merge.sce	"[4056,4059,4062]"	2014	原屬華納神族，她是愛神、戰神與魔法之神，作為女武神之首為奧丁遴選死難英雄	"[32014,18001]"	H014	6	560	20	5004	"[[32014,3000,1],[18001,2000,1]]"	25	"[[4059,-20,2],[4059,40,1],[4059,50,3],[4062,160,2],[4056,220,1],[4056,230,3],[4059,360,2]]"	[]	"[[4059,12,2],[4059,12.6,1],[4059,14,3],[4059,14.3,1],[4059,14.6,3],[4056,16.3,1],[4056,16.6,3]]"	"[4014,10]"	569
5006	伊阿宋	2	2	10	resource/scene/bf003/bf003_merge.sce	"[4056,4059,4062]"	2054	被叔父篡奪王位，在阿耳戈英雄們和背叛國家的公主美狄亞幫助下奪取金羊毛，並與其結婚，然他最終背叛並孤獨終老	"[32054,18001]"	H054	6	600	20	5005	"[[32054,4000,1],[18001,2000,1]]"	26	"[[4059,-20,2],[4059,40,1],[4059,50,3],[4062,160,2],[4056,220,1],[4056,230,3],[4059,360,2]]"	[]	"[[4059,12,2],[4059,12.6,1],[4059,14,3],[4059,14.3,1],[4059,14.6,3],[4056,16.3,1],[4056,16.6,3]]"	"[4054,10]"	569
5007	布伦希尔德	1	3	10	resource/scene/bf003/bf003_merge.sce	"[4056,4059,4062]"	2015	冰島女王，因其公正的仲裁決鬥，被奧丁降罪禁錮沉睡於阿爾卑斯山城堡中，幸得齊格飛的營救並相愛	"[32015,18001]"	H015	6	640	20	5006	"[[32015,4000,1],[18001,2000,1]]"	27	"[[4059,-20,2],[4059,40,1],[4059,50,3],[4062,160,2],[4056,220,1],[4056,230,3],[4059,360,2]]"	[]	"[[4059,12,2],[4059,12.6,1],[4059,14,3],[4059,14.3,1],[4059,14.6,3],[4056,16.3,1],[4056,16.6,3]]"	"[4015,10]"	577
5008	芙蕾	3	4	10	resource/scene/bf003/bf003_merge.sce	"[4056,4059,4062]"	2013	豐饒之神，主司收成和天氣。海洋之神尼約德之子，出身華納神族	"[32013,18001]"	H013	6	680	20	5007	"[[32013,4000,1],[18001,2000,1]]"	28	"[[4059,-20,2],[4059,40,1],[4059,50,3],[4062,160,2],[4056,220,1],[4056,230,3],[4059,360,2]]"	[]	"[[4059,12,2],[4059,12.6,1],[4059,14,3],[4059,14.3,1],[4059,14.6,3],[4056,16.3,1],[4056,16.6,3]]"	"[4013,10]"	577
5009	潘多拉	3	5	15	resource/scene/bf005/bf005_merge.sce	"[4056,4059,4062]"	2105	被神創造出的擁有一切天賦的女人，潘多拉的魔盒給人類帶來了普羅米修斯盜火的懲罰:灾难	"[32105,18001]"	H105	6	720	20	5008	"[[32105,3000,1],[18001,2000,1]]"	30	"[[4059,-20,2],[4059,40,1],[4059,50,3],[4062,160,2],[4056,220,1],[4056,230,3],[4059,360,2]]"	[]	"[[4059,12,2],[4059,12.6,1],[4059,14,3],[4059,14.3,1],[4059,14.6,3],[4056,16.3,1],[4056,16.6,3]]"	"[4105,10]"	777
5010	希尔瓦娜斯	3	3	15	resource/scene/bf003/bf003_merge.sce	"[4057,4060,4063]"	2061	悲情和最富傳奇色彩的英雄之一，銀月游俠希爾瓦娜斯·风行者，高等精灵游侠的領袖，黑暗精灵女王	"[32061,18001]"	H061	6	760	20	5009	"[[32061,4000,1],[18001,2000,1]]"	31	"[[4059,-20,2],[4059,40,1],[4059,50,3],[4062,160,2],[4056,220,1],[4056,230,3],[4059,350,1],[4059,360,2],[4059,370,3]]"	[]	"[[4059,12,2],[4059,12.6,1],[4059,14,3],[4059,14.3,1],[4059,14.6,3],[4056,16.3,1],[4056,16.6,3],[4062,18,2]]"	"[4061,10]"	777
5011	奥德修斯	4	3	15	resource/scene/bf003/bf003_merge.sce	"[4057,4060,4063]"	2001	英勇多謀的伊塔卡島之王，曾參加特洛伊戰爭並獻木馬計。十年艱險終回國並與兒子合力擊殺妻子的求婚者，一家團圓	"[32001,18001]"	H001	6	800	20	5010	"[[32001,4000,1],[18001,2000,1]]"	32	"[[4060,-20,2],[4060,40,1],[4060,50,3],[4063,160,2],[4057,220,1],[4057,230,3],[4060,350,1],[4060,360,2],[4060,370,3]]"	[]	"[[4060,12,2],[4060,12.6,1],[4060,14,3],[4060,14.3,1],[4060,14.6,3],[4057,16.3,1],[4057,16.6,3],[4063,18,2]]"	"[4001,10]"	793
5012	普罗米修斯	4	4	15	resource/scene/bf003/bf003_merge.sce	"[4057,4060,4063]"	2008	創造了人類亦是人類導師，偷到了火種帶給人類，因而受到宙斯的嚴酷懲罰，直到被海格力斯拯救	"[32008,18001]"	H008	6	840	20	5011	"[[32008,4000,1],[18001,2000,1]]"	33	"[[4060,-20,2],[4060,40,1],[4060,50,3],[4063,160,2],[4057,220,1],[4057,230,3],[4060,350,1],[4060,360,2],[4060,370,3]]"	[]	"[[4060,12,2],[4060,12.6,1],[4060,14,3],[4060,14.3,1],[4060,14.6,3],[4057,16.3,1],[4057,16.6,3],[4063,18,2]]"	"[4008,10]"	793
5013	维纳斯	4	5	20	resource/scene/bf005/bf005_merge.sce	"[4057,4060,4063]"	2005	主司愛與美的絕色女神，同時又是執掌生育與航海的女神，並和戰神阿瑞斯生下了小愛神丘比特	"[32005,18001]"	H005	6	880	20	5012	"[[32005,3000,1],[18001,2000,1]]"	35	"[[4060,-20,2],[4060,40,1],[4060,50,3],[4063,160,2],[4057,220,1],[4057,230,3],[4060,350,1],[4060,360,2],[4060,370,3]]"	[]	"[[4060,12,2],[4060,12.6,1],[4060,14,3],[4060,14.3,1],[4060,14.6,3],[4057,16.3,1],[4057,16.6,3],[4063,18,2]]"	"[4005,10]"	804
5014	赫斐斯托斯	1	4	20	resource/scene/bf003/bf003_merge.sce	"[4057,4060,4063]"	2079	奧林匹斯十二主神之工匠之神，維納斯丈夫，制造了許多著名的武器、工具和藝術品	"[32079,18001]"	H079	6	920	20	5013	"[[32079,4000,1],[18001,2000,1]]"	37	"[[4060,-20,2],[4060,40,1],[4060,50,3],[4063,160,2],[4057,220,1],[4057,230,3],[4060,350,1],[4060,360,2],[4060,370,3]]"	[]	"[[4060,12,2],[4060,12.6,1],[4060,14,3],[4060,14.3,1],[4060,14.6,3],[4057,16.3,1],[4057,16.6,3],[4063,18,2]]"	"[4079,10]"	804
5015	珀修斯	2	4	20	resource/scene/bf003/bf003_merge.sce	"[4057,4060,4063]"	2107	用飛行鞋、革囊和冥王的隱身帽殺死了蛇女美杜莎，用美杜莎頭顱石化了海怪，救了安德羅墨達公主並結婚，他們成為了英仙座和仙女座	"[32107,18001]"	H107	6	960	20	5014	"[[32107,4000,1],[18001,2000,1]]"	38	"[[4060,-20,2],[4060,40,1],[4060,50,3],[4063,160,2],[4057,220,1],[4057,230,3],[4060,350,1],[4060,360,2],[4060,370,3]]"	[]	"[[4060,12,2],[4060,12.6,1],[4060,14,3],[4060,14.3,1],[4060,14.6,3],[4057,16.3,1],[4057,16.6,3],[4063,18,2]]"	"[4107,10]"	812
5016	波塞冬	2	5	25	resource/scene/bf005/bf005_merge.sce	"[4057,4060,4063]"	2076	奧林匹斯十二主神之海王，海洋和水域的一切主宰，三叉戟威力巨大翻云覆雨	"[32076,18001]"	H076	6	1000	20	5015	"[[32076,3000,1],[18001,2000,1]]"	40	"[[4060,-20,2],[4060,40,1],[4060,50,3],[4063,160,2],[4057,220,1],[4057,230,3],[4060,350,1],[4060,360,2],[4060,370,3]]"	[]	"[[4060,12,2],[4060,12.6,1],[4060,14,3],[4060,14.3,1],[4060,14.6,3],[4057,16.3,1],[4057,16.6,3],[4063,18,2]]"	"[4076,10]"	812
5017	蓝缪斯女神	4	3	25	resource/scene/bf003/bf003_merge.sce	"[4057,4060,4063]"	2084	音樂女神，繆斯9女神之一，赫利孔山的泉水的水泽神女，以阿波罗为首領	"[32084,18001]"	H084	6	1040	20	5016	"[[32084,4000,1],[18001,2000,1]]"	43	"[[4060,-20,2],[4060,40,1],[4060,50,3],[4063,160,2],[4057,220,1],[4057,230,3],[4060,350,1],[4060,360,2],[4060,370,3]]"	[]	"[[4060,12,2],[4060,12.6,1],[4060,14,3],[4060,14.3,1],[4060,14.6,3],[4057,16.3,1],[4057,16.6,3],[4063,18,2]]"	"[4084,10]"	833
5018	忒修斯	2	4	25	resource/scene/bf003/bf003_merge.sce	"[4057,4060,4063]"	2081	雅典國王，曾解開米諾斯的迷宮，並戰勝了半人牛怪物。劫持海倫，並試圖劫持冥後，因此被扣留在冥界，後來被海格力斯救出	"[32081,18001]"	H081	6	1080	20	5017	"[[32081,4000,1],[18001,2000,1]]"	46	"[[4060,-20,2],[4060,40,1],[4060,50,3],[4063,160,2],[4057,220,1],[4057,230,3],[4060,350,1],[4060,360,2],[4060,370,3]]"	[]	"[[4060,12,2],[4060,12.6,1],[4060,14,3],[4060,14.3,1],[4060,14.6,3],[4057,16.3,1],[4057,16.6,3],[4063,18,2]]"	"[4081,10]"	833
5019	阿尔忒弥斯	3	5	30	resource/scene/bf005/bf005_merge.sce	"[4057,4060,4063]"	2078	月神，阿波羅的孿生姐姐，她那致命的箭頭不斷瞄准並射向藐視她存在或忽視她原則的人。	"[32078,18001]"	H078	6	1120	20	5018	"[[32078,3000,1],[18001,2000,1]]"	50	"[[4060,-20,2],[4060,40,1],[4060,50,3],[4063,160,2],[4057,220,1],[4057,230,3],[4060,350,1],[4060,360,2],[4060,370,3]]"	[]	"[[4060,12,2],[4060,12.6,1],[4060,14,3],[4060,14.3,1],[4060,14.6,3],[4057,16.3,1],[4057,16.6,3],[4063,18,2]]"	"[4078,10]"	939
5020	泰兰德	2	3	30	resource/scene/bf003/bf003_merge.sce	"[4057,4060,4063]"	2058	月之女祭司，同時還是哨兵的首領，長達一萬多年里領導暗夜精靈一族的杰出精靈女王	"[32058,18001]"	H058	6	1160	20	5019	"[[32058,4000,1],[18001,2000,1]]"	53	"[[4060,-20,2],[4060,40,1],[4060,50,3],[4063,160,2],[4057,220,1],[4057,230,3],[4060,350,1],[4060,360,2],[4060,370,3]]"	[]	"[[4060,12,2],[4060,12.6,1],[4060,14,3],[4060,14.3,1],[4060,14.6,3],[4057,16.3,1],[4057,16.6,3],[4063,18,2]]"	"[4058,10]"	939
5021	贝瑟芬妮	3	4	30	resource/scene/bf003/bf003_merge.sce	"[4057,4060,4063]"	2090	冥後，豐產女神，被哈迪斯綁架到冥界結婚。半年在人間使萬物茂盛，半年在冥界使萬物蕭條枯萎	"[32090,18001]"	H090	6	1200	20	5020	"[[32090,4000,1],[18001,2000,1]]"	56	"[[4060,-20,2],[4060,40,1],[4060,50,3],[4063,160,2],[4057,220,1],[4057,230,3],[4060,350,1],[4060,360,2],[4060,370,3]]"	[]	"[[4060,12,2],[4060,12.6,1],[4060,14,3],[4060,14.3,1],[4060,14.6,3],[4057,16.3,1],[4057,16.6,3],[4063,18,2]]"	"[4090,10]"	939
5022	塔那托斯	2	5	35	resource/scene/bf005/bf005_merge.sce	"[4057,4060,4063]"	2080	死神，黑夜女神之子，哈得斯的首席武官。有一個孿生兄弟——睡神希潑諾斯	"[32080,18001]"	H080	6	1240	20	5021	"[[32080,3000,1],[18001,2000,1]]"	60	"[[4060,-20,2],[4060,40,1],[4060,50,3],[4063,160,2],[4057,220,1],[4057,230,3],[4060,350,1],[4060,360,2],[4060,370,3]]"	[]	"[[4060,12,2],[4060,12.6,1],[4060,14,3],[4060,14.3,1],[4060,14.6,3],[4057,16.3,1],[4057,16.6,3],[4063,18,2]]"	"[4080,10]"	939
5023	阿伽门农	3	3	35	resource/scene/bf003/bf003_merge.sce	"[4057,4060,4063]"	2038	希臘諸王之王邁錫尼王，特洛伊戰爭即因他想稱霸愛琴海。足智多謀，擅長矛與標槍，但不常願與人正面交鋒	"[32038,18001]"	H038	6	1280	20	5022	"[[32038,4000,1],[18001,2000,1]]"	63	"[[4060,-20,2],[4060,40,1],[4060,50,3],[4063,160,2],[4057,220,1],[4057,230,3],[4060,350,1],[4060,360,2],[4060,370,3]]"	[]	"[[4060,12,2],[4060,12.6,1],[4060,14,3],[4060,14.3,1],[4060,14.6,3],[4057,16.3,1],[4057,16.6,3],[4063,18,2]]"	"[4038,10]"	939
5024	俄耳甫斯	4	4	35	resource/scene/bf003/bf003_merge.sce	"[4057,4060,4063]"	2082	音樂天才，參與奪取金羊毛。後為救愛人闖入地府，最後關頭回頭看她而功虧一簣，後哀傷而死，她的豎琴成為天琴座	"[32082,18001]"	H082	6	1320	20	5023	"[[32082,4000,1],[18001,2000,1]]"	66	"[[4060,-20,2],[4060,40,1],[4060,50,3],[4063,160,2],[4057,220,1],[4057,230,3],[4060,350,1],[4060,360,2],[4060,370,3]]"	[]	"[[4060,12,2],[4060,12.6,1],[4060,14,3],[4060,14.3,1],[4060,14.6,3],[4057,16.3,1],[4057,16.6,3],[4063,18,2]]"	"[4082,10]"	939
5025	托尔	2	5	40	resource/scene/bf005/bf005_merge.sce	"[4057,4060,4063]"	2018	身材魁武的奧丁長子，北歐掌管戰爭與農業之神。索爾的腰上束著使他力大無比的魔腰帶，手執米奧爾尼爾魔錘	"[32018,18002]"	H018	6	1360	20	5024	"[[32018,3000,1],[18002,2000,1]]"	70	"[[4060,-20,2],[4060,40,1],[4060,50,3],[4063,160,2],[4057,220,1],[4057,230,3],[4060,350,1],[4060,360,2],[4060,370,3]]"	[]	"[[4060,12,2],[4060,12.6,1],[4060,14,3],[4060,14.3,1],[4060,14.6,3],[4057,16.3,1],[4057,16.6,3],[4063,18,2]]"	"[4018,10]"	939
5026	海姆达尔	1	3	40	resource/scene/bf003/bf003_merge.sce	"[4057,4060,4063]"	2020	神界的守護神，能眼觀四路耳聽八方，日夜守護在天界入口彩虹橋，防禦冰霜巨人的侵襲。騎金鬃馬肩背號角，可召喚眾神祇	"[32020,18002]"	H020	6	1400	20	5025	"[[32020,4000,1],[18002,2000,1]]"	75	"[[4060,-20,2],[4060,40,1],[4060,50,3],[4063,160,2],[4057,220,1],[4057,230,3],[4060,350,1],[4060,360,2],[4060,370,3]]"	[]	"[[4060,12,2],[4060,12.6,1],[4060,14,3],[4060,14.3,1],[4060,14.6,3],[4057,16.3,1],[4057,16.6,3],[4063,18,2]]"	"[4020,10]"	939
5027	阿波罗	3	5	42	resource/scene/bf005/bf005_merge.sce	"[4057,4060,4063]"	2004	奧林匹斯十二主神之太陽神，光明、青春和音樂之神，宙斯之子，月神的孿生弟弟	"[32004,18002]"	H004	6	1440	20	5026	"[[32004,3000,1],[18002,2000,1]]"	80	"[[4060,-20,2],[4060,40,1],[4060,50,3],[4063,160,2],[4057,220,1],[4057,230,3],[4060,350,1],[4060,360,2],[4060,370,3]]"	[]	"[[4060,12,2],[4060,12.6,1],[4060,14,3],[4060,14.3,1],[4060,14.6,3],[4057,16.3,1],[4057,16.6,3],[4063,18,2]]"	"[4004,10]"	939
5028	亚瑟王	2	4	42	resource/scene/bf003/bf003_merge.sce	"[4057,4060,4063]"	2109	傳說中的英格蘭國王，羅馬帝國瓦解後，率領圓桌騎士團統一了不列顛群島	"[32109,18002]"	H109	6	1480	20	5027	"[[32109,4000,1],[18002,2000,1]]"	85	"[[4060,-20,2],[4060,40,1],[4060,50,3],[4063,160,2],[4057,220,1],[4057,230,3],[4060,350,1],[4060,360,2],[4060,370,3]]"	[]	"[[4060,12,2],[4060,12.6,1],[4060,14,3],[4060,14.3,1],[4060,14.6,3],[4057,16.3,1],[4057,16.6,3],[4063,18,2]]"	"[4109,10]"	939
5029	赫拉	4	5	45	resource/scene/bf005/bf005_merge.sce	"[4057,4060,4063]"	2075	眾神之王後，奧林匹斯十二主神之二，掌管婚姻，捍衛家庭，權力最高的女神	"[32075,18002]"	H075	6	1520	20	5028	"[[32075,3000,1],[18002,2000,1]]"	90	"[[4060,-20,2],[4060,40,1],[4060,50,3],[4063,160,2],[4057,220,1],[4057,230,3],[4060,350,1],[4060,360,2],[4060,370,3]]"	[]	"[[4060,12,2],[4060,12.6,1],[4060,14,3],[4060,14.3,1],[4060,14.6,3],[4057,16.3,1],[4057,16.6,3],[4063,18,2]]"	"[4075,10]"	939
5030	海格力斯	2	4	45	resource/scene/bf003/bf003_merge.sce	"[4057,4060,4063]"	2009	主神宙斯與凡間皇後所生，力大無比，在搖籃里就掐死過毒蛇，完成12项伟绩，被晋升为武仙座	"[32009,18002]"	H009	6	1560	20	5029	"[[32009,4000,1],[18002,2000,1]]"	95	"[[4060,-20,2],[4060,40,1],[4060,50,3],[4063,160,2],[4057,220,1],[4057,230,3],[4060,350,1],[4060,360,2],[4060,370,3]]"	[]	"[[4060,12,2],[4060,12.6,1],[4060,14,3],[4060,14.3,1],[4060,14.6,3],[4057,16.3,1],[4057,16.6,3],[4063,18,2]]"	"[4009,10]"	939
5031	海伦	4	5	47	resource/scene/bf005/bf005_merge.sce	"[4057,4060,4063]"	2106	宙斯的女兒，世上最美麗的女人，無可匹敵的魅力使希臘各地的英雄們都迷戀於她，引發了特洛伊之戰	"[32106,18002]"	H106	6	1600	20	5030	"[[32106,3000,1],[18002,2000,1]]"	100	"[[4060,-20,2],[4060,40,1],[4060,50,3],[4063,160,2],[4057,220,1],[4057,230,3],[4060,350,1],[4060,360,2],[4060,370,3]]"	[]	"[[4060,12,2],[4060,12.6,1],[4060,14,3],[4060,14.3,1],[4060,14.6,3],[4057,16.3,1],[4057,16.6,3],[4063,18,2]]"	"[4106,10]"	939
5032	亚马逊女王	2	4	47	resource/scene/bf003/bf003_merge.sce	"[4057,4060,4063]"	2100	亞馬遜河之下，冥河之上，坐落神秘的亞馬遜王國，而她就是這一片土地上最神秘領域的主宰與守護者，崇尚自由，無憂無慮	"[32100,18002]"	H100	6	1640	20	5031	"[[32100,4000,1],[18002,2000,1]]"	105	"[[4060,-20,2],[4060,40,1],[4060,50,3],[4063,160,2],[4057,220,1],[4057,230,3],[4060,350,1],[4060,360,2],[4060,370,3]]"	[]	"[[4060,12,2],[4060,12.6,1],[4060,14,3],[4060,14.3,1],[4060,14.6,3],[4057,16.3,1],[4057,16.6,3],[4063,18,2]]"	"[4100,10]"	939
5033	阿瑞斯	2	5	50	resource/scene/bf005/bf005_merge.sce	"[4057,4060,4063]"	2007	奧林匹斯十二主神之戰神，宙斯和赫拉的兒子，力量與權力的象徵，嗜殺血腥與人類禍災的化身	"[32007,18002]"	H007	6	1680	20	5032	"[[32007,3000,1],[18002,2000,1]]"	110	"[[4060,-20,2],[4060,40,1],[4060,50,3],[4063,160,2],[4057,220,1],[4057,230,3],[4060,350,1],[4060,360,2],[4060,370,3]]"	[]	"[[4060,12,2],[4060,12.6,1],[4060,14,3],[4060,14.3,1],[4060,14.6,3],[4057,16.3,1],[4057,16.6,3],[4063,18,2]]"	"[4007,10]"	939
5034	列奥尼达	1	4	50	resource/scene/bf003/bf003_merge.sce	"[4057,4060,4063]"	2049	斯巴達國王，抵抗波斯入侵的英雄，因叛徒出賣，下令聯軍撤退，他與300斯巴达勇士血戰到底，英勇就义	"[32049,18002]"	H049	6	1720	20	5033	"[[32049,4000,1],[18002,2000,1]]"	115	"[[4060,-20,2],[4060,40,1],[4060,50,3],[4063,160,2],[4057,220,1],[4057,230,3],[4060,350,1],[4060,360,2],[4060,370,3]]"	[]	"[[4060,12,2],[4060,12.6,1],[4060,14,3],[4060,14.3,1],[4060,14.6,3],[4057,16.3,1],[4057,16.6,3],[4063,18,2]]"	"[4049,10]"	939
5035	哈迪斯	1	5	55	resource/scene/bf005/bf005_merge.sce	"[4057,4060,4063]"	2077	冥王，司掌冥界，統治陰暗的世界，宙斯的哥哥，實力強大而黑暗	"[32077,18002]"	H077	6	1760	20	5034	"[[32077,3000,1],[18002,2000,1]]"	120	"[[4060,-20,2],[4060,40,1],[4060,50,3],[4063,160,2],[4057,220,1],[4057,230,3],[4060,350,1],[4060,360,2],[4060,370,3]]"	[]	"[[4060,12,2],[4060,12.6,1],[4060,14,3],[4060,14.3,1],[4060,14.6,3],[4057,16.3,1],[4057,16.6,3],[4063,18,2]]"	"[4077,10]"	939