number	string	number	number	number	number	number	number	number	number	string	string	number	number	array
id	name	type	quality	level	attribute	value	exp	base_exp	stuff	description	icon	effect	rare	flag
1801101	攻·干将	1	1	1	1	1	0	100	0	攻击+1	F101	0	1	[0]
1801201	攻·布都	1	2	1	1	2	1000	100	0	攻击+2	F102	0	2	[0]
1801202	攻·布都	1	2	2	1	3	3000	100	1	攻击+3	F102	0	0	[0]
1801203	攻·布都	1	2	3	1	4	0	200	0	攻击+4	F102	0	0	[0]
1801301	攻·含光	1	3	1	1	3	1000	100	0	攻击+3	F103	0	3	[0]
1801302	攻·含光	1	3	2	1	4	3000	100	1	攻击+4	F103	0	0	[0]
1801303	攻·含光	1	3	3	1	5	7000	200	2	攻击+5	F103	0	0	[0]
1801304	攻·含光	1	3	4	1	10	13000	400	4	攻击+10	F103	0	0	[0]
1801305	攻·含光	1	3	5	1	18	23000	800	6	攻击+18	F103	0	0	[0]
1801306	攻·含光	1	3	6	1	32	0	1400	0	攻击+32	F103	0	0	[0]
1801401	攻·青龙	1	4	1	1	6	1000	100	0	攻击+6	F104	0	4	[0]
1801402	攻·青龙	1	4	2	1	7	3000	100	1	攻击+7	F104	0	0	[0]
1801403	攻·青龙	1	4	3	1	10	7000	200	2	攻击+10	F104	0	0	[0]
1801404	攻·青龙	1	4	4	1	20	13000	400	4	攻击+20	F104	0	0	[0]
1801405	攻·青龙	1	4	5	1	37	23000	800	6	攻击+37	F104	0	0	[0]
1801406	攻·青龙	1	4	6	1	63	37000	1400	8	攻击+63	F104	0	0	[0]
1801407	攻·青龙	1	4	7	1	95	55000	2200	10	攻击+95	F104	0	0	[0]
1801408	攻·青龙	1	4	8	1	132	79000	3200	12	攻击+132	F104	0	0	[0]
1801409	攻·青龙	1	4	9	1	172	109000	4400	16	攻击+172	F104	0	0	[0]
1801410	攻·青龙	1	4	10	1	222	0	6000	0	攻击+222	F104	0	0	[0]
1801501	攻·天丛云	1	5	1	1	10	1000	100	0	攻击+10	F105	0	5	[0]
1801502	攻·天丛云	1	5	2	1	12	3000	100	1	攻击+12	F105	0	0	[0]
1801503	攻·天丛云	1	5	3	1	18	7000	200	2	攻击+18	F105	0	0	[0]
1801504	攻·天丛云	1	5	4	1	34	13000	400	4	攻击+34	F105	0	0	[0]
1801505	攻·天丛云	1	5	5	1	64	23000	800	6	攻击+64	F105	0	0	[0]
1801506	攻·天丛云	1	5	6	1	105	37000	1400	8	攻击+105	F105	0	0	[0]
1801507	攻·天丛云	1	5	7	1	160	55000	2200	10	攻击+160	F105	0	0	[0]
1801508	攻·天丛云	1	5	8	1	220	79000	3200	12	攻击+220	F105	0	0	[0]
1801509	攻·天丛云	1	5	9	1	290	109000	4400	16	攻击+290	F105	0	0	[0]
1801510	攻·天丛云	1	5	10	1	370	0	6000	0	攻击+370	F105	0	0	[0]
1802101	技·鱼肠	1	1	1	2	1	0	100	0	技攻+1	F201	1	1	[0]
1802201	技·湛卢	1	2	1	2	2	1000	100	0	技攻+2	F202	1	2	[0]
1802202	技·湛卢	1	2	2	2	3	3000	100	1	技攻+3	F202	1	0	[0]
1802203	技·湛卢	1	2	3	2	4	0	200	0	技攻+4	F202	1	0	[0]
1802301	技·红雪	1	3	1	2	3	1000	100	0	技攻+3	F203	1	3	[0]
1802302	技·红雪	1	3	2	2	4	3000	100	1	技攻+4	F203	1	0	[0]
1802303	技·红雪	1	3	3	2	5	7000	200	2	技攻+5	F203	1	0	[0]
1802304	技·红雪	1	3	4	2	10	13000	400	4	技攻+10	F203	1	0	[0]
1802305	技·红雪	1	3	5	2	18	23000	800	6	技攻+18	F203	1	0	[0]
1802306	技·红雪	1	3	6	2	32	0	1400	0	技攻+32	F203	1	0	[0]
1802401	技·袖搦	1	4	1	2	6	1000	100	0	技攻+6	F204	1	4	[0]
1802402	技·袖搦	1	4	2	2	7	3000	100	1	技攻+7	F204	1	0	[0]
1802403	技·袖搦	1	4	3	2	10	7000	200	2	技攻+10	F204	1	0	[0]
1802404	技·袖搦	1	4	4	2	20	13000	400	4	技攻+20	F204	1	0	[0]
1802405	技·袖搦	1	4	5	2	37	23000	800	6	技攻+37	F204	1	0	[0]
1802406	技·袖搦	1	4	6	2	63	37000	1400	8	技攻+63	F204	1	0	[0]
1802407	技·袖搦	1	4	7	2	95	55000	2200	10	技攻+95	F204	1	0	[0]
1802408	技·袖搦	1	4	8	2	132	79000	3200	12	技攻+132	F204	1	0	[0]
1802409	技·袖搦	1	4	9	2	172	109000	4400	16	技攻+172	F204	1	0	[0]
1802410	技·袖搦	1	4	10	2	222	0	6000	0	技攻+222	F204	1	0	[0]
1802501	技·湖中剑	1	5	1	2	10	1000	100	0	技攻+10	F205	0	5	[0]
1802502	技·湖中剑	1	5	2	2	12	3000	100	1	技攻+12	F205	0	0	[0]
1802503	技·湖中剑	1	5	3	2	18	7000	200	2	技攻+18	F205	0	0	[0]
1802504	技·湖中剑	1	5	4	2	34	13000	400	4	技攻+34	F205	0	0	[0]
1802505	技·湖中剑	1	5	5	2	64	23000	800	6	技攻+64	F205	0	0	[0]
1802506	技·湖中剑	1	5	6	2	105	37000	1400	8	技攻+105	F205	0	0	[0]
1802507	技·湖中剑	1	5	7	2	160	55000	2200	10	技攻+160	F205	0	0	[0]
1802508	技·湖中剑	1	5	8	2	220	79000	3200	12	技攻+220	F205	0	0	[0]
1802509	技·湖中剑	1	5	9	2	290	109000	4400	16	技攻+290	F205	0	0	[0]
1802510	技·湖中剑	1	5	10	2	370	0	6000	0	技攻+370	F205	0	0	[0]
1803101	防·国光	1	1	1	3	1	0	100	0	防御+1	F301	0	1	[0]
1803201	防·长船	1	2	1	3	1	1000	100	0	防御+1	F302	0	2	[0]
1803202	防·长船	1	2	2	3	2	3000	100	1	防御+2	F302	0	0	[0]
1803203	防·长船	1	2	3	3	3	0	200	0	防御+3	F302	0	0	[0]
1803301	防·沥泉	1	3	1	3	2	1000	100	0	防御+2	F303	0	3	[0]
1803302	防·沥泉	1	3	2	3	3	3000	100	1	防御+3	F303	0	0	[0]
1803303	防·沥泉	1	3	3	3	4	7000	200	2	防御+4	F303	0	0	[0]
1803304	防·沥泉	1	3	4	3	7	13000	400	4	防御+7	F303	0	0	[0]
1803305	防·沥泉	1	3	5	3	14	23000	800	6	防御+14	F303	0	0	[0]
1803306	防·沥泉	1	3	6	3	24	0	1400	0	防御+24	F303	0	0	[0]
1803401	防·步槊	1	4	1	3	4	1000	100	0	防御+4	F304	0	4	[0]
1803402	防·步槊	1	4	2	3	5	3000	100	1	防御+5	F304	0	0	[0]
1803403	防·步槊	1	4	3	3	8	7000	200	2	防御+8	F304	0	0	[0]
1803404	防·步槊	1	4	4	3	15	13000	400	4	防御+15	F304	0	0	[0]
1803405	防·步槊	1	4	5	3	28	23000	800	6	防御+28	F304	0	0	[0]
1803406	防·步槊	1	4	6	3	47	37000	1400	8	防御+47	F304	0	0	[0]
1803407	防·步槊	1	4	7	3	71	55000	2200	10	防御+71	F304	0	0	[0]
1803408	防·步槊	1	4	8	3	99	79000	3200	12	防御+99	F304	0	0	[0]
1803409	防·步槊	1	4	9	3	129	109000	4400	16	防御+129	F304	0	0	[0]
1803410	防·步槊	1	4	10	3	166	0	6000	0	防御+166	F304	0	0	[0]
1803501	防·宵练	1	5	1	3	7	1000	100	0	防御+7	F305	1	5	[0]
1803502	防·宵练	1	5	2	3	9	3000	100	1	防御+9	F305	1	0	[0]
1803503	防·宵练	1	5	3	3	13	7000	200	2	防御+13	F305	1	0	[0]
1803504	防·宵练	1	5	4	3	25	13000	400	4	防御+25	F305	1	0	[0]
1803505	防·宵练	1	5	5	3	48	23000	800	6	防御+48	F305	1	0	[0]
1803506	防·宵练	1	5	6	3	80	37000	1400	8	防御+80	F305	1	0	[0]
1803507	防·宵练	1	5	7	3	120	55000	2200	10	防御+120	F305	1	0	[0]
1803508	防·宵练	1	5	8	3	165	79000	3200	12	防御+165	F305	1	0	[0]
1803509	防·宵练	1	5	9	3	215	109000	4400	16	防御+215	F305	1	0	[0]
1803510	防·宵练	1	5	10	3	280	0	6000	0	防御+280	F305	1	0	[0]
1804101	护·村正	1	1	1	4	1	0	100	0	技防+1	F401	1	1	[0]
1804201	护·十拳	1	2	1	4	1	1000	100	0	技防+1	F402	1	2	[0]
1804202	护·十拳	1	2	2	4	2	3000	100	1	技防+2	F402	1	0	[0]
1804203	护·十拳	1	2	3	4	3	0	200	0	技防+3	F402	1	0	[0]
1804301	护·雷切	1	3	1	4	2	1000	100	0	技防+2	F403	1	3	[0]
1804302	护·雷切	1	3	2	4	3	3000	100	1	技防+3	F403	1	0	[0]
1804303	护·雷切	1	3	3	4	4	7000	200	2	技防+4	F403	1	0	[0]
1804304	护·雷切	1	3	4	4	7	13000	400	4	技防+7	F403	1	0	[0]
1804305	护·雷切	1	3	5	4	14	23000	800	6	技防+14	F403	1	0	[0]
1804306	护·雷切	1	3	6	4	24	0	1400	0	技防+24	F403	1	0	[0]
1804401	护·却邪	1	4	1	4	4	1000	100	0	技防+4	F404	0	4	[0]
1804402	护·却邪	1	4	2	4	5	3000	100	1	技防+5	F404	0	0	[0]
1804403	护·却邪	1	4	3	4	8	7000	200	2	技防+8	F404	0	0	[0]
1804404	护·却邪	1	4	4	4	15	13000	400	4	技防+15	F404	0	0	[0]
1804405	护·却邪	1	4	5	4	28	23000	800	6	技防+28	F404	0	0	[0]
1804406	护·却邪	1	4	6	4	47	37000	1400	8	技防+47	F404	0	0	[0]
1804407	护·却邪	1	4	7	4	71	55000	2200	10	技防+71	F404	0	0	[0]
1804408	护·却邪	1	4	8	4	99	79000	3200	12	技防+99	F404	0	0	[0]
1804409	护·却邪	1	4	9	4	129	109000	4400	16	技防+129	F404	0	0	[0]
1804410	护·却邪	1	4	10	4	166	0	6000	0	技防+166	F404	0	0	[0]
1804501	护·纯钧	1	5	1	4	7	1000	100	0	技防+7	F405	0	5	[0]
1804502	护·纯钧	1	5	2	4	9	3000	100	1	技防+9	F405	0	0	[0]
1804503	护·纯钧	1	5	3	4	13	7000	200	2	技防+13	F405	0	0	[0]
1804504	护·纯钧	1	5	4	4	25	13000	400	4	技防+25	F405	0	0	[0]
1804505	护·纯钧	1	5	5	4	48	23000	800	6	技防+48	F405	0	0	[0]
1804506	护·纯钧	1	5	6	4	80	37000	1400	8	技防+80	F405	0	0	[0]
1804507	护·纯钧	1	5	7	4	120	55000	2200	10	技防+120	F405	0	0	[0]
1804508	护·纯钧	1	5	8	4	165	79000	3200	12	技防+165	F405	0	0	[0]
1804509	护·纯钧	1	5	9	4	215	109000	4400	16	技防+215	F405	0	0	[0]
1804510	护·纯钧	1	5	10	4	280	0	6000	0	技防+280	F405	0	0	[0]
1805101	命·墨阳	1	1	1	5	4	0	100	0	生命+4	F501	0	1	[0]
1805201	命·莫邪	1	2	1	5	6	1000	100	0	生命+6	F502	0	2	[0]
1805202	命·莫邪	1	2	2	5	8	3000	100	1	生命+8	F502	0	0	[0]
1805203	命·莫邪	1	2	3	5	10	0	200	0	生命+10	F502	0	0	[0]
1805301	命·鬼彻	1	3	1	5	9	1000	100	0	生命+9	F503	0	3	[0]
1805302	命·鬼彻	1	3	2	5	12	3000	100	1	生命+12	F503	0	0	[0]
1805303	命·鬼彻	1	3	3	5	16	7000	200	2	生命+16	F503	0	0	[0]
1805304	命·鬼彻	1	3	4	5	30	13000	400	4	生命+30	F503	0	0	[0]
1805305	命·鬼彻	1	3	5	5	56	23000	800	6	生命+56	F503	0	0	[0]
1805306	命·鬼彻	1	3	6	5	94	0	1400	0	生命+94	F503	0	0	[0]
1805401	命·轩辕	1	4	1	5	18	1000	100	0	生命+18	F504	1	4	[0]
1805402	命·轩辕	1	4	2	5	21	3000	100	1	生命+21	F504	1	0	[0]
1805403	命·轩辕	1	4	3	5	32	7000	200	2	生命+32	F504	1	0	[0]
1805404	命·轩辕	1	4	4	5	60	13000	400	4	生命+60	F504	1	0	[0]
1805405	命·轩辕	1	4	5	5	113	23000	800	6	生命+113	F504	1	0	[0]
1805406	命·轩辕	1	4	6	5	189	37000	1400	8	生命+189	F504	1	0	[0]
1805407	命·轩辕	1	4	7	5	285	55000	2200	10	生命+285	F504	1	0	[0]
1805408	命·轩辕	1	4	8	5	396	79000	3200	12	生命+396	F504	1	0	[0]
1805409	命·轩辕	1	4	9	5	517	109000	4400	16	生命+517	F504	1	0	[0]
1805410	命·轩辕	1	4	10	5	666	0	6000	0	生命+666	F504	1	0	[0]
1805501	命·九尾狐	1	5	1	5	30	1000	100	0	生命+30	F505	1	5	[0]
1805502	命·九尾狐	1	5	2	5	36	3000	100	1	生命+36	F505	1	0	[0]
1805503	命·九尾狐	1	5	3	5	54	7000	200	2	生命+54	F505	1	0	[0]
1805504	命·九尾狐	1	5	4	5	100	13000	400	4	生命+100	F505	1	0	[0]
1805505	命·九尾狐	1	5	5	5	190	23000	800	6	生命+190	F505	1	0	[0]
1805506	命·九尾狐	1	5	6	5	316	37000	1400	8	生命+316	F505	1	0	[0]
1805507	命·九尾狐	1	5	7	5	480	55000	2200	10	生命+480	F505	1	0	[0]
1805508	命·九尾狐	1	5	8	5	660	79000	3200	12	生命+660	F505	1	0	[0]
1805509	命·九尾狐	1	5	9	5	860	109000	4400	16	生命+860	F505	1	0	[0]
1805510	命·九尾狐	1	5	10	5	1110	0	6000	0	生命+1110	F505	1	0	[0]
1806401	无抗·太阿	2	4	1	100	0.0018	1000	100	0	无系抗性提升0.18%	F604	1	4	[0]
1806402	无抗·太阿	2	4	2	100	0.0022	3000	100	1	无系抗性提升0.22%	F604	1	0	[0]
1806403	无抗·太阿	2	4	3	100	0.0033	7000	200	2	无系抗性提升0.33%	F604	1	0	[0]
1806404	无抗·太阿	2	4	4	100	0.006	13000	400	4	无系抗性提升0.6%	F604	1	0	[0]
1806405	无抗·太阿	2	4	5	100	0.011	23000	800	6	无系抗性提升1.1%	F604	1	0	[0]
1806406	无抗·太阿	2	4	6	100	0.019	37000	1400	8	无系抗性提升1.9%	F604	1	0	[0]
1806407	无抗·太阿	2	4	7	100	0.028	55000	2200	10	无系抗性提升2.8%	F604	1	0	[0]
1806408	无抗·太阿	2	4	8	100	0.039	79000	3200	12	无系抗性提升3.9%	F604	1	0	[0]
1806409	无抗·太阿	2	4	9	100	0.052	109000	4400	16	无系抗性提升5.2%	F604	1	0	[0]
1806410	无抗·太阿	2	4	10	100	0.066	0	6000	0	无系抗性提升6.6%	F604	1	0	[0]
1806501	无抗·麻麻	2	5	1	100	0.003	1000	100	0	无系抗性提升0.3%	F605	1	5	[0]
1806502	无抗·麻麻	2	5	2	100	0.004	3000	100	1	无系抗性提升0.4%	F605	1	0	[0]
1806503	无抗·麻麻	2	5	3	100	0.006	7000	200	2	无系抗性提升0.6%	F605	1	0	[0]
1806504	无抗·麻麻	2	5	4	100	0.01	13000	400	4	无系抗性提升1%	F605	1	0	[0]
1806505	无抗·麻麻	2	5	5	100	0.019	23000	800	6	无系抗性提升1.9%	F605	1	0	[0]
1806506	无抗·麻麻	2	5	6	100	0.032	37000	1400	8	无系抗性提升3.2%	F605	1	0	[0]
1806507	无抗·麻麻	2	5	7	100	0.048	55000	2200	10	无系抗性提升4.8%	F605	1	0	[0]
1806508	无抗·麻麻	2	5	8	100	0.066	79000	3200	12	无系抗性提升6.6%	F605	1	0	[0]
1806509	无抗·麻麻	2	5	9	100	0.086	109000	4400	16	无系抗性提升8.6%	F605	1	0	[0]
1806510	无抗·麻麻	2	5	10	100	0.112	0	6000	0	无系抗性提升11.2%	F704	1	0	[0]
1807401	风抗·童子	2	4	1	101	0.0018	1000	100	0	风系抗性提升0.18%	F704	1	4	[0]
1807402	风抗·童子	2	4	2	101	0.0022	3000	100	1	风系抗性提升0.22%	F704	1	0	[0]
1807403	风抗·童子	2	4	3	101	0.0033	7000	200	2	风系抗性提升0.33%	F704	1	0	[0]
1807404	风抗·童子	2	4	4	101	0.006	13000	400	4	风系抗性提升0.6%	F704	1	0	[0]
1807405	风抗·童子	2	4	5	101	0.011	23000	800	6	风系抗性提升1.1%	F704	1	0	[0]
1807406	风抗·童子	2	4	6	101	0.019	37000	1400	8	风系抗性提升1.9%	F704	1	0	[0]
1807407	风抗·童子	2	4	7	101	0.028	55000	2200	10	风系抗性提升2.8%	F704	1	0	[0]
1807408	风抗·童子	2	4	8	101	0.039	79000	3200	12	风系抗性提升3.9%	F704	1	0	[0]
1807409	风抗·童子	2	4	9	101	0.052	109000	4400	16	风系抗性提升5.2%	F704	1	0	[0]
1807410	风抗·童子	2	4	10	101	0.066	0	6000	0	风系抗性提升6.6%	F704	1	0	[0]
1807501	风抗·切裂	2	5	1	101	0.003	1000	100	0	风系抗性提升0.3%	F705	1	5	[0]
1807502	风抗·切裂	2	5	2	101	0.004	3000	100	1	风系抗性提升0.4%	F705	1	0	[0]
1807503	风抗·切裂	2	5	3	101	0.006	7000	200	2	风系抗性提升0.6%	F705	1	0	[0]
1807504	风抗·切裂	2	5	4	101	0.01	13000	400	4	风系抗性提升1%	F705	1	0	[0]
1807505	风抗·切裂	2	5	5	101	0.019	23000	800	6	风系抗性提升1.9%	F705	1	0	[0]
1807506	风抗·切裂	2	5	6	101	0.032	37000	1400	8	风系抗性提升3.2%	F705	1	0	[0]
1807507	风抗·切裂	2	5	7	101	0.048	55000	2200	10	风系抗性提升4.8%	F705	1	0	[0]
1807508	风抗·切裂	2	5	8	101	0.066	79000	3200	12	风系抗性提升6.6%	F705	1	0	[0]
1807509	风抗·切裂	2	5	9	101	0.086	109000	4400	16	风系抗性提升8.6%	F705	1	0	[0]
1807510	风抗·切裂	2	5	10	101	0.112	0	6000	0	风系抗性提升11.2%	F705	1	0	[0]
1808401	火抗·棠溪	2	4	1	102	0.0018	1000	100	0	火系抗性提升0.18%	F804	1	4	[0]
1808402	火抗·棠溪	2	4	2	102	0.0022	3000	100	1	火系抗性提升0.22%	F804	1	0	[0]
1808403	火抗·棠溪	2	4	3	102	0.0033	7000	200	2	火系抗性提升0.33%	F804	1	0	[0]
1808404	火抗·棠溪	2	4	4	102	0.006	13000	400	4	火系抗性提升0.6%	F804	1	0	[0]
1808405	火抗·棠溪	2	4	5	102	0.011	23000	800	6	火系抗性提升1.1%	F804	1	0	[0]
1808406	火抗·棠溪	2	4	6	102	0.019	37000	1400	8	火系抗性提升1.9%	F804	1	0	[0]
1808407	火抗·棠溪	2	4	7	102	0.028	55000	2200	10	火系抗性提升2.8%	F804	1	0	[0]
1808408	火抗·棠溪	2	4	8	102	0.039	79000	3200	12	火系抗性提升3.9%	F804	1	0	[0]
1808409	火抗·棠溪	2	4	9	102	0.052	109000	4400	16	火系抗性提升5.2%	F804	1	0	[0]
1808410	火抗·棠溪	2	4	10	102	0.066	0	6000	0	火系抗性提升6.6%	F804	1	0	[0]
1808501	火抗·龙渊	2	5	1	102	0.003	1000	100	0	火系抗性提升0.3%	F805	1	5	[0]
1808502	火抗·龙渊	2	5	2	102	0.004	3000	100	1	火系抗性提升0.4%	F805	1	0	[0]
1808503	火抗·龙渊	2	5	3	102	0.006	7000	200	2	火系抗性提升0.6%	F805	1	0	[0]
1808504	火抗·龙渊	2	5	4	102	0.01	13000	400	4	火系抗性提升1%	F805	1	0	[0]
1808505	火抗·龙渊	2	5	5	102	0.019	23000	800	6	火系抗性提升1.9%	F805	1	0	[0]
1808506	火抗·龙渊	2	5	6	102	0.032	37000	1400	8	火系抗性提升3.2%	F805	1	0	[0]
1808507	火抗·龙渊	2	5	7	102	0.048	55000	2200	10	火系抗性提升4.8%	F805	1	0	[0]
1808508	火抗·龙渊	2	5	8	102	0.066	79000	3200	12	火系抗性提升6.6%	F805	1	0	[0]
1808509	火抗·龙渊	2	5	9	102	0.086	109000	4400	16	火系抗性提升8.6%	F805	1	0	[0]
1808510	火抗·龙渊	2	5	10	102	0.112	0	6000	0	火系抗性提升11.2%	F805	1	0	[0]
1809401	水抗·数珠	2	4	1	103	0.0018	1000	100	0	水系抗性提升0.18%	F904	1	4	[0]
1809402	水抗·数珠	2	4	2	103	0.0022	3000	100	1	水系抗性提升0.22%	F904	1	0	[0]
1809403	水抗·数珠	2	4	3	103	0.0033	7000	200	2	水系抗性提升0.33%	F904	1	0	[0]
1809404	水抗·数珠	2	4	4	103	0.006	13000	400	4	水系抗性提升0.6%	F904	1	0	[0]
1809405	水抗·数珠	2	4	5	103	0.011	23000	800	6	水系抗性提升1.1%	F904	1	0	[0]
1809406	水抗·数珠	2	4	6	103	0.019	37000	1400	8	水系抗性提升1.9%	F904	1	0	[0]
1809407	水抗·数珠	2	4	7	103	0.028	55000	2200	10	水系抗性提升2.8%	F904	1	0	[0]
1809408	水抗·数珠	2	4	8	103	0.039	79000	3200	12	水系抗性提升3.9%	F904	1	0	[0]
1809409	水抗·数珠	2	4	9	103	0.052	109000	4400	16	水系抗性提升5.2%	F904	1	0	[0]
1809410	水抗·数珠	2	4	10	103	0.066	0	6000	0	水系抗性提升6.6%	F904	1	0	[0]
1809501	水抗·龙雀	2	5	1	103	0.003	1000	100	0	水系抗性提升0.3%	F905	1	5	[0]
1809502	水抗·龙雀	2	5	2	103	0.004	3000	100	1	水系抗性提升0.4%	F905	1	0	[0]
1809503	水抗·龙雀	2	5	3	103	0.006	7000	200	2	水系抗性提升0.6%	F905	1	0	[0]
1809504	水抗·龙雀	2	5	4	103	0.01	13000	400	4	水系抗性提升1%	F905	1	0	[0]
1809505	水抗·龙雀	2	5	5	103	0.019	23000	800	6	水系抗性提升1.9%	F905	1	0	[0]
1809506	水抗·龙雀	2	5	6	103	0.032	37000	1400	8	水系抗性提升3.2%	F905	1	0	[0]
1809507	水抗·龙雀	2	5	7	103	0.048	55000	2200	10	水系抗性提升4.8%	F905	1	0	[0]
1809508	水抗·龙雀	2	5	8	103	0.066	79000	3200	12	水系抗性提升6.6%	F905	1	0	[0]
1809509	水抗·龙雀	2	5	9	103	0.086	109000	4400	16	水系抗性提升8.6%	F905	1	0	[0]
1809510	水抗·龙雀	2	5	10	103	0.112	0	6000	0	水系抗性提升11.2%	F905	1	0	[0]
1810401	无伤·灵翼	2	4	1	200	0.0025	1000	100	0	无系伤害提升0.25%	F1004	1	4	[0]
1810402	无伤·灵翼	2	4	2	200	0.003	3000	100	1	无系伤害提升0.3%	F1004	1	0	[0]
1810403	无伤·灵翼	2	4	3	200	0.0045	7000	200	2	无系伤害提升0.45%	F1004	1	0	[0]
1810404	无伤·灵翼	2	4	4	200	0.008	13000	400	4	无系伤害提升0.8%	F1004	1	0	[0]
1810405	无伤·灵翼	2	4	5	200	0.015	23000	800	6	无系伤害提升1.5%	F1004	1	0	[0]
1810406	无伤·灵翼	2	4	6	200	0.025	37000	1400	8	无系伤害提升2.5%	F1004	1	0	[0]
1810407	无伤·灵翼	2	4	7	200	0.038	55000	2200	10	无系伤害提升3.8%	F1004	1	0	[0]
1810408	无伤·灵翼	2	4	8	200	0.053	79000	3200	12	无系伤害提升5.3%	F1004	1	0	[0]
1810409	无伤·灵翼	2	4	9	200	0.069	109000	4400	16	无系伤害提升6.9%	F1004	1	0	[0]
1810410	无伤·灵翼	2	4	10	200	0.089	0	6000	0	无系伤害提升8.9%	F1004	1	0	[0]
1810501	无伤·退魔	2	5	1	200	0.004	1000	100	0	无系伤害提升0.4%	F1005	1	5	[0]
1810502	无伤·退魔	2	5	2	200	0.005	3000	100	1	无系伤害提升0.5%	F1005	1	0	[0]
1810503	无伤·退魔	2	5	3	200	0.007	7000	200	2	无系伤害提升0.7%	F1005	1	0	[0]
1810504	无伤·退魔	2	5	4	200	0.013	13000	400	4	无系伤害提升1.3%	F1005	1	0	[0]
1810505	无伤·退魔	2	5	5	200	0.025	23000	800	6	无系伤害提升2.5%	F1005	1	0	[0]
1810506	无伤·退魔	2	5	6	200	0.042	37000	1400	8	无系伤害提升4.2%	F1005	1	0	[0]
1810507	无伤·退魔	2	5	7	200	0.063	55000	2200	10	无系伤害提升6.3%	F1005	1	0	[0]
1810508	无伤·退魔	2	5	8	200	0.088	79000	3200	12	无系伤害提升8.8%	F1005	1	0	[0]
1810509	无伤·退魔	2	5	9	200	0.115	109000	4400	16	无系伤害提升11.5%	F1005	1	0	[0]
1810510	无伤·退魔	2	5	10	200	0.148	0	6000	0	无系伤害提升14.8%	F1005	1	0	[0]
1811401	风伤·蜻蜓	2	4	1	201	0.0025	1000	100	0	风系伤害提升0.25%	F1104	1	4	[0]
1811402	风伤·蜻蜓	2	4	2	201	0.003	3000	100	1	风系伤害提升0.3%	F1104	1	0	[0]
1811403	风伤·蜻蜓	2	4	3	201	0.0045	7000	200	2	风系伤害提升0.45%	F1104	1	0	[0]
1811404	风伤·蜻蜓	2	4	4	201	0.008	13000	400	4	风系伤害提升0.8%	F1104	1	0	[0]
1811405	风伤·蜻蜓	2	4	5	201	0.015	23000	800	6	风系伤害提升1.5%	F1104	1	0	[0]
1811406	风伤·蜻蜓	2	4	6	201	0.025	37000	1400	8	风系伤害提升2.5%	F1104	1	0	[0]
1811407	风伤·蜻蜓	2	4	7	201	0.038	55000	2200	10	风系伤害提升3.8%	F1104	1	0	[0]
1811408	风伤·蜻蜓	2	4	8	201	0.053	79000	3200	12	风系伤害提升5.3%	F1104	1	0	[0]
1811409	风伤·蜻蜓	2	4	9	201	0.069	109000	4400	16	风系伤害提升6.9%	F1104	1	0	[0]
1811410	风伤·蜻蜓	2	4	10	201	0.089	0	6000	0	风系伤害提升8.9%	F1104	1	0	[0]
1811501	风伤·萌萌	2	5	1	201	0.004	1000	100	0	风系伤害提升0.4%	F1105	1	5	[0]
1811502	风伤·萌萌	2	5	2	201	0.005	3000	100	1	风系伤害提升0.5%	F1105	1	0	[0]
1811503	风伤·萌萌	2	5	3	201	0.007	7000	200	2	风系伤害提升0.7%	F1105	1	0	[0]
1811504	风伤·萌萌	2	5	4	201	0.013	13000	400	4	风系伤害提升1.3%	F1105	1	0	[0]
1811505	风伤·萌萌	2	5	5	201	0.025	23000	800	6	风系伤害提升2.5%	F1105	1	0	[0]
1811506	风伤·萌萌	2	5	6	201	0.042	37000	1400	8	风系伤害提升4.2%	F1105	1	0	[0]
1811507	风伤·萌萌	2	5	7	201	0.063	55000	2200	10	风系伤害提升6.3%	F1105	1	0	[0]
1811508	风伤·萌萌	2	5	8	201	0.088	79000	3200	12	风系伤害提升8.8%	F1105	1	0	[0]
1811509	风伤·萌萌	2	5	9	201	0.115	109000	4400	16	风系伤害提升11.5%	F1105	1	0	[0]
1811510	风伤·萌萌	2	5	10	201	0.148	0	6000	0	风系伤害提升14.8%	F1105	1	0	[0]
1812401	火伤·千棘	2	4	1	202	0.0025	1000	100	0	火系伤害提升0.25%	F1204	1	4	[0]
1812402	火伤·千棘	2	4	2	202	0.003	3000	100	1	火系伤害提升0.3%	F1204	1	0	[0]
1812403	火伤·千棘	2	4	3	202	0.0045	7000	200	2	火系伤害提升0.45%	F1204	1	0	[0]
1812404	火伤·千棘	2	4	4	202	0.008	13000	400	4	火系伤害提升0.8%	F1204	1	0	[0]
1812405	火伤·千棘	2	4	5	202	0.015	23000	800	6	火系伤害提升1.5%	F1204	1	0	[0]
1812406	火伤·千棘	2	4	6	202	0.025	37000	1400	8	火系伤害提升2.5%	F1204	1	0	[0]
1812407	火伤·千棘	2	4	7	202	0.038	55000	2200	10	火系伤害提升3.8%	F1204	1	0	[0]
1812408	火伤·千棘	2	4	8	202	0.053	79000	3200	12	火系伤害提升5.3%	F1204	1	0	[0]
1812409	火伤·千棘	2	4	9	202	0.069	109000	4400	16	火系伤害提升6.9%	F1204	1	0	[0]
1812410	火伤·千棘	2	4	10	202	0.089	0	6000	0	火系伤害提升8.9%	F1204	1	0	[0]
1812501	火伤·承影	2	5	1	202	0.004	1000	100	0	火系伤害提升0.4%	F1205	1	5	[0]
1812502	火伤·承影	2	5	2	202	0.005	3000	100	1	火系伤害提升0.5%	F1205	1	0	[0]
1812503	火伤·承影	2	5	3	202	0.007	7000	200	2	火系伤害提升0.7%	F1205	1	0	[0]
1812504	火伤·承影	2	5	4	202	0.013	13000	400	4	火系伤害提升1.3%	F1205	1	0	[0]
1812505	火伤·承影	2	5	5	202	0.025	23000	800	6	火系伤害提升2.5%	F1205	1	0	[0]
1812506	火伤·承影	2	5	6	202	0.042	37000	1400	8	火系伤害提升4.2%	F1205	1	0	[0]
1812507	火伤·承影	2	5	7	202	0.063	55000	2200	10	火系伤害提升6.3%	F1205	1	0	[0]
1812508	火伤·承影	2	5	8	202	0.088	79000	3200	12	火系伤害提升8.8%	F1205	1	0	[0]
1812509	火伤·承影	2	5	9	202	0.115	109000	4400	16	火系伤害提升11.5%	F1205	1	0	[0]
1812510	火伤·承影	2	5	10	202	0.148	0	6000	0	火系伤害提升14.8%	F1205	1	0	[0]
1813401	水伤·葵纹	2	4	1	203	0.0025	1000	100	0	水系伤害提升0.25%	F1304	1	4	[0]
1813402	水伤·葵纹	2	4	2	203	0.003	3000	100	1	水系伤害提升0.3%	F1304	1	0	[0]
1813403	水伤·葵纹	2	4	3	203	0.0045	7000	200	2	水系伤害提升0.45%	F1304	1	0	[0]
1813404	水伤·葵纹	2	4	4	203	0.008	13000	400	4	水系伤害提升0.8%	F1304	1	0	[0]
1813405	水伤·葵纹	2	4	5	203	0.015	23000	800	6	水系伤害提升1.5%	F1304	1	0	[0]
1813406	水伤·葵纹	2	4	6	203	0.025	37000	1400	8	水系伤害提升2.5%	F1304	1	0	[0]
1813407	水伤·葵纹	2	4	7	203	0.038	55000	2200	10	水系伤害提升3.8%	F1304	1	0	[0]
1813408	水伤·葵纹	2	4	8	203	0.053	79000	3200	12	水系伤害提升5.3%	F1304	1	0	[0]
1813409	水伤·葵纹	2	4	9	203	0.069	109000	4400	16	水系伤害提升6.9%	F1304	1	0	[0]
1813410	水伤·葵纹	2	4	10	203	0.089	0	6000	0	水系伤害提升8.9%	F1304	1	0	[0]
1813501	水伤·赤霄	2	5	1	203	0.004	1000	100	0	水系伤害提升0.4%	F1305	1	5	[0]
1813502	水伤·赤霄	2	5	2	203	0.005	3000	100	1	水系伤害提升0.5%	F1305	1	0	[0]
1813503	水伤·赤霄	2	5	3	203	0.007	7000	200	2	水系伤害提升0.7%	F1305	1	0	[0]
1813504	水伤·赤霄	2	5	4	203	0.013	13000	400	4	水系伤害提升1.3%	F1305	1	0	[0]
1813505	水伤·赤霄	2	5	5	203	0.025	23000	800	6	水系伤害提升2.5%	F1305	1	0	[0]
1813506	水伤·赤霄	2	5	6	203	0.042	37000	1400	8	水系伤害提升4.2%	F1305	1	0	[0]
1813507	水伤·赤霄	2	5	7	203	0.063	55000	2200	10	水系伤害提升6.3%	F1305	1	0	[0]
1813508	水伤·赤霄	2	5	8	203	0.088	79000	3200	12	水系伤害提升8.8%	F1305	1	0	[0]
1813509	水伤·赤霄	2	5	9	203	0.115	109000	4400	16	水系伤害提升11.5%	F1305	1	0	[0]
1813510	水伤·赤霄	2	5	10	203	0.148	0	6000	0	水系伤害提升14.8%	F1305	1	0	[0]