number	number	string	number	array	array	number	number	array	number	number	array	number	number	array	number	number	number	number
id	rank	name	cost	coordinate	propertytype1	propertyindex1	promote1	propertytype2	propertyindex2	promote2	propertytype3	propertyindex3	promote3	propertytype4	propertyindex4	promote4	isfinal	round
1001	1	天馬	9 	"[-30,125]"	"[202,200,201]"	3	15 	[]	-1	-1	[]	-1	-1	[]	-1	-1	0	0
1002	1	天竜	12 	"[13,10]"	"[202,201]"	1	19 	[]	-1	-1	[]	-1	-1	[]	-1	-1	1001	0
1003	1	白鳥	15 	"[108,40]"	"[203,200]"	2	19 	[]	-1	-1	[]	-1	-1	[]	-1	-1	1002	0
1004	1	仙女	18 	"[88,175]"	"[203,200]"	1	19 	[]	-1	-1	[]	-1	-1	[]	-1	-1	1003	0
1005	1	鳳凰	21 	"[208,120]"	"[202,201]"	3	15 	[]	-1	-1	[]	-1	-1	[]	-1	-1	1004	0
1006	1	白羊	24 	"[258,10]"	"[203,200]"	1	19 	[]	-1	-1	[]	-1	-1	[]	-1	-1	1005	0
1007	1	磨羯	27 	"[348,100]"	"[200,201]"	4	15 	[]	-1	-1	[]	-1	-1	[]	-1	-1	1006	0
1008	1	天蝎	30 	"[448,120]"	"[202,201]"	2	19 	[]	-1	-1	[]	-1	-1	[]	-1	-1	1007	0
1009	1	金牛	33 	"[440,-10]"	"[203,200]"	3	15 	[]	-1	-1	[]	-1	-1	[]	-1	-1	1008	0
1010	1	獅子	36 	"[543,90]"	"[202,201]"	1	19 	[]	-1	-1	[]	-1	-1	[]	-1	-1	1009	0
1011	1	双魚	39 	"[573,-30]"	[203]	2	19 	[203]	3	15	[203]	4	15	[]	-1	-1	1010	0
1012	1	朱雀	42 	"[623,170]"	"[202,200,201]"	4	15 	[]	-1	-1	[]	-1	-1	[]	-1	-1	1011	0
1013	1	玄武	45 	"[683,10]"	"[202,200,201]"	2	19 	[]	-1	-1	[]	-1	-1	[]	-1	-1	1012	0
1014	1	青龙	48 	"[748,140]"	"[203,202]"	4	15 	[]	-1	-1	[]	-1	-1	[]	-1	-1	1013	0
1015	1	白虎	51 	"[830,15]"	"[203,202,200,201]"	5	60 	[]	-1	-1	[]	-1	-1	[]	-1	-1	1014	501
2000	2	昇格詳細	0 	[]	"[203,202,200,201]"	5	90 	[]	-1	-1	[]	-1	-1	[]	-1	-1	1015	0
2001	2	天馬	12 	"[-30,30]"	"[202,200,201]"	3	18 	[]	-1	-1	[]	-1	-1	[]	-1	-1	2000	0
2002	2	天竜	16 	"[18,110]"	"[202,201]"	1	23 	[]	-1	-1	[]	-1	-1	[]	-1	-1	2001	0
2003	2	白鳥	20 	"[73,-10]"	"[203,200]"	2	23 	[]	-1	-1	[]	-1	-1	[]	-1	-1	2002	0
2004	2	仙女	24 	"[138,150]"	"[203,200]"	1	23 	[]	-1	-1	[]	-1	-1	[]	-1	-1	2003	0
2005	2	鳳凰	28 	"[188,-10]"	"[202,201]"	3	18 	[]	-1	-1	[]	-1	-1	[]	-1	-1	2004	0
2006	2	白羊	32 	"[235,75]"	"[203,200]"	1	23 	[]	-1	-1	[]	-1	-1	[]	-1	-1	2005	0
2007	2	磨羯	36 	"[320,-30]"	"[200,201]"	4	18 	[]	-1	-1	[]	-1	-1	[]	-1	-1	2006	0
2008	2	天蝎	40 	"[330,90]"	"[202,201]"	2	23 	[]	-1	-1	[]	-1	-1	[]	-1	-1	2007	0
2009	2	金牛	44 	"[440,70]"	"[203,200]"	3	18 	[]	-1	-1	[]	-1	-1	[]	-1	-1	2008	0
2010	2	獅子	48 	"[510,-10]"	"[202,201]"	1	23 	[]	-1	-1	[]	-1	-1	[]	-1	-1	2009	0
2011	2	双魚	52 	"[540,100]"	[203]	2	23 	[203]	3	18	[203]	4	18	[]	-1	-1	2010	0
2012	2	朱雀	56 	"[690,150]"	"[202,200,201]"	4	18 	[]	-1	-1	[]	-1	-1	[]	-1	-1	2011	0
2013	2	玄武	60 	"[660,25]"	"[202,200,201]"	2	23 	[]	-1	-1	[]	-1	-1	[]	-1	-1	2012	0
2014	2	青龙	64 	"[760,-10]"	"[203,202]"	4	18 	[]	-1	-1	[]	-1	-1	[]	-1	-1	2013	0
2015	2	白虎	68 	"[830,150]"	"[203,202,200,201]"	5	72 	[]	-1	-1	[]	-1	-1	[]	-1	-1	2014	502
3000	3	昇格詳細	0 	[]	"[203,202,200,201]"	5	108 	[]	-1	-1	[]	-1	-1	[]	-1	-1	2015	0
3001	3	天馬	15 	"[-30,125]"	"[202,200,201]"	3	21 	[]	-1	-1	[]	-1	-1	[]	-1	-1	3000	0
3002	3	天竜	20 	"[13,10]"	"[202,201]"	1	26 	[]	-1	-1	[]	-1	-1	[]	-1	-1	3001	0
3003	3	白鳥	25 	"[108,40]"	"[203,200]"	2	26 	[]	-1	-1	[]	-1	-1	[]	-1	-1	3002	0
3004	3	仙女	30 	"[88,175]"	"[203,200]"	1	26 	[]	-1	-1	[]	-1	-1	[]	-1	-1	3003	0
3005	3	鳳凰	35 	"[208,120]"	"[202,201]"	3	21 	[]	-1	-1	[]	-1	-1	[]	-1	-1	3004	0
3006	3	白羊	40 	"[258,10]"	"[203,200]"	1	26 	[]	-1	-1	[]	-1	-1	[]	-1	-1	3005	0
3007	3	磨羯	45 	"[348,100]"	"[200,201]"	4	21 	[]	-1	-1	[]	-1	-1	[]	-1	-1	3006	0
3008	3	天蝎	50 	"[448,120]"	"[202,201]"	2	26 	[]	-1	-1	[]	-1	-1	[]	-1	-1	3007	0
3009	3	金牛	55 	"[440,-10]"	"[203,200]"	3	21 	[]	-1	-1	[]	-1	-1	[]	-1	-1	3008	0
3010	3	獅子	60 	"[543,90]"	"[202,201]"	1	26 	[]	-1	-1	[]	-1	-1	[]	-1	-1	3009	0
3011	3	双魚	65 	"[573,-30]"	[203]	2	26 	[203]	3	21	[203]	4	21	[]	-1	-1	3010	0
3012	3	朱雀	70 	"[623,170]"	"[202,200,201]"	4	21 	[]	-1	-1	[]	-1	-1	[]	-1	-1	3011	0
3013	3	玄武	75 	"[683,10]"	"[202,200,201]"	2	26 	[]	-1	-1	[]	-1	-1	[]	-1	-1	3012	0
3014	3	青龙	80 	"[748,140]"	"[203,202]"	4	21 	[]	-1	-1	[]	-1	-1	[]	-1	-1	3013	0
3015	3	白虎	85 	"[830,15]"	"[203,202,200,201]"	5	84 	[]	-1	-1	[]	-1	-1	[]	-1	-1	3014	503
4000	4	昇格詳細	0 	[]	"[203,202,200,201]"	5	126 	[]	-1	-1	[]	-1	-1	[]	-1	-1	3015	0
4001	4	天馬	18 	"[-30,30]"	"[202,200,201]"	3	24 	[]	-1	-1	[]	-1	-1	[]	-1	-1	4000	0
4002	4	天竜	24 	"[18,110]"	"[202,201]"	1	30 	[]	-1	-1	[]	-1	-1	[]	-1	-1	4001	0
4003	4	白鳥	30 	"[73,-10]"	"[203,200]"	2	30 	[]	-1	-1	[]	-1	-1	[]	-1	-1	4002	0
4004	4	仙女	36 	"[138,150]"	"[203,200]"	1	30 	[]	-1	-1	[]	-1	-1	[]	-1	-1	4003	0
4005	4	鳳凰	42 	"[188,-10]"	"[202,201]"	3	24 	[]	-1	-1	[]	-1	-1	[]	-1	-1	4004	0
4006	4	白羊	48 	"[235,75]"	"[203,200]"	1	30 	[]	-1	-1	[]	-1	-1	[]	-1	-1	4005	0
4007	4	磨羯	54 	"[320,-10]"	"[200,201]"	4	24 	[]	-1	-1	[]	-1	-1	[]	-1	-1	4006	0
4008	4	天蝎	60 	"[330,90]"	"[202,201]"	2	30 	[]	-1	-1	[]	-1	-1	[]	-1	-1	4007	0
4009	4	金牛	66 	"[440,70]"	"[203,200]"	3	24 	[]	-1	-1	[]	-1	-1	[]	-1	-1	4008	0
4010	4	獅子	72 	"[510,-10]"	"[202,201]"	1	30 	[]	-1	-1	[]	-1	-1	[]	-1	-1	4009	0
4011	4	双魚	78 	"[540,100]"	[203]	2	30 	[203]	3	24	[203]	4	24	[]	-1	-1	4010	0
4012	4	朱雀	84 	"[690,150]"	"[202,200,201]"	4	24 	[]	-1	-1	[]	-1	-1	[]	-1	-1	4011	0
4013	4	玄武	90 	"[660,25]"	"[202,200,201]"	2	30 	[]	-1	-1	[]	-1	-1	[]	-1	-1	4012	0
4014	4	青龙	96 	"[760,-10]"	"[203,202]"	4	24 	[]	-1	-1	[]	-1	-1	[]	-1	-1	4013	0
4015	4	白虎	102 	"[830,150]"	"[203,202,200,201]"	5	96 	[]	-1	-1	[]	-1	-1	[]	-1	-1	4014	504
5000	5	昇格詳細	0 	[]	"[203,202,200,201]"	5	144 	[]	-1	-1	[]	-1	-1	[]	-1	-1	4015	0
5001	5	天馬	23 	"[-30,125]"	"[202,200,201]"	3	27 	[]	-1	-1	[]	-1	-1	[]	-1	-1	5000	0
5002	5	天竜	30 	"[13,10]"	"[202,201]"	1	34 	[]	-1	-1	[]	-1	-1	[]	-1	-1	5001	0
5003	5	白鳥	38 	"[108,40]"	"[203,200]"	2	34 	[]	-1	-1	[]	-1	-1	[]	-1	-1	5002	0
5004	5	仙女	45 	"[88,175]"	"[203,200]"	1	34 	[]	-1	-1	[]	-1	-1	[]	-1	-1	5003	0
5005	5	鳳凰	53 	"[208,120]"	"[202,201]"	3	27 	[]	-1	-1	[]	-1	-1	[]	-1	-1	5004	0
5006	5	白羊	60 	"[258,10]"	"[203,200]"	1	34 	[]	-1	-1	[]	-1	-1	[]	-1	-1	5005	0
5007	5	磨羯	68 	"[348,100]"	"[200,201]"	4	27 	[]	-1	-1	[]	-1	-1	[]	-1	-1	5006	0
5008	5	天蝎	75 	"[448,120]"	"[202,201]"	2	34 	[]	-1	-1	[]	-1	-1	[]	-1	-1	5007	0
5009	5	金牛	83 	"[440,-10]"	"[203,200]"	3	27 	[]	-1	-1	[]	-1	-1	[]	-1	-1	5008	0
5010	5	獅子	90 	"[543,90]"	"[202,201]"	1	34 	[]	-1	-1	[]	-1	-1	[]	-1	-1	5009	0
5011	5	双魚	98 	"[573,-30]"	[203]	2	34 	[203]	3	27	[203]	4	27	[]	-1	-1	5010	0
5012	5	朱雀	105 	"[623,170]"	"[202,200,201]"	4	27 	[]	-1	-1	[]	-1	-1	[]	-1	-1	5011	0
5013	5	玄武	113 	"[683,10]"	"[202,200,201]"	2	34 	[]	-1	-1	[]	-1	-1	[]	-1	-1	5012	0
5014	5	青龙	120 	"[748,140]"	"[203,202]"	4	27 	[]	-1	-1	[]	-1	-1	[]	-1	-1	5013	0
5015	5	白虎	128 	"[830,15]"	"[203,202,200,201]"	5	108 	[]	-1	-1	[]	-1	-1	[]	-1	-1	5014	505
6000	6	昇格詳細	0 	[]	"[203,202,200,201]"	5	162 	[]	-1	-1	[]	-1	-1	[]	-1	-1	5015	0
6001	6	天馬	27 	"[-30,30]"	"[202,200,201]"	3	30 	[]	-1	-1	[]	-1	-1	[]	-1	-1	6000	0
6002	6	天竜	36 	"[18,110]"	"[202,201]"	1	38 	[]	-1	-1	[]	-1	-1	[]	-1	-1	6001	0
6003	6	白鳥	45 	"[73,-10]"	"[203,200]"	2	38 	[]	-1	-1	[]	-1	-1	[]	-1	-1	6002	0
6004	6	仙女	54 	"[138,150]"	"[203,200]"	1	38 	[]	-1	-1	[]	-1	-1	[]	-1	-1	6003	0
6005	6	鳳凰	63 	"[188,-10]"	"[202,201]"	3	30 	[]	-1	-1	[]	-1	-1	[]	-1	-1	6004	0
6006	6	白羊	72 	"[235,75]"	"[203,200]"	1	38 	[]	-1	-1	[]	-1	-1	[]	-1	-1	6005	0
6007	6	磨羯	81 	"[320,-10]"	"[200,201]"	4	30 	[]	-1	-1	[]	-1	-1	[]	-1	-1	6006	0
6008	6	天蝎	90 	"[330,90]"	"[202,201]"	2	38 	[]	-1	-1	[]	-1	-1	[]	-1	-1	6007	0
6009	6	金牛	99 	"[440,70]"	"[203,200]"	3	30 	[]	-1	-1	[]	-1	-1	[]	-1	-1	6008	0
6010	6	獅子	108 	"[510,-10]"	"[202,201]"	1	38 	[]	-1	-1	[]	-1	-1	[]	-1	-1	6009	0
6011	6	双魚	117 	"[540,100]"	[203]	2	38 	[203]	3	30	[203]	4	30	[]	-1	-1	6010	0
6012	6	朱雀	126 	"[690,150]"	"[202,200,201]"	4	30 	[]	-1	-1	[]	-1	-1	[]	-1	-1	6011	0
6013	6	玄武	135 	"[660,25]"	"[202,200,201]"	2	38 	[]	-1	-1	[]	-1	-1	[]	-1	-1	6012	0
6014	6	青龙	144 	"[760,-10]"	"[203,202]"	4	30 	[]	-1	-1	[]	-1	-1	[]	-1	-1	6013	0
6015	6	白虎	153 	"[830,150]"	"[203,202,200,201]"	5	120 	[]	-1	-1	[]	-1	-1	[]	-1	-1	6014	506
7000	7	昇格詳細	0 	[]	"[203,202,200,201]"	5	180 	[]	-1	-1	[]	-1	-1	[]	-1	-1	6015	0
7001	7	天馬	32 	"[-30,125]"	"[202,200,201]"	3	33 	[]	-1	-1	[]	-1	-1	[]	-1	-1	7000	0
7002	7	天竜	42 	"[13,10]"	"[202,201]"	1	41 	[]	-1	-1	[]	-1	-1	[]	-1	-1	7001	0
7003	7	白鳥	53 	"[108,40]"	"[203,200]"	2	41 	[]	-1	-1	[]	-1	-1	[]	-1	-1	7002	0
7004	7	仙女	63 	"[88,175]"	"[203,200]"	1	41 	[]	-1	-1	[]	-1	-1	[]	-1	-1	7003	0
7005	7	鳳凰	74 	"[208,120]"	"[202,201]"	3	33 	[]	-1	-1	[]	-1	-1	[]	-1	-1	7004	0
7006	7	白羊	84 	"[258,10]"	"[203,200]"	1	41 	[]	-1	-1	[]	-1	-1	[]	-1	-1	7005	0
7007	7	磨羯	95 	"[348,100]"	"[200,201]"	4	33 	[]	-1	-1	[]	-1	-1	[]	-1	-1	7006	0
7008	7	天蝎	105 	"[448,120]"	"[202,201]"	2	41 	[]	-1	-1	[]	-1	-1	[]	-1	-1	7007	0
7009	7	金牛	116 	"[440,-10]"	"[203,200]"	3	33 	[]	-1	-1	[]	-1	-1	[]	-1	-1	7008	0
7010	7	獅子	126 	"[543,90]"	"[202,201]"	1	41 	[]	-1	-1	[]	-1	-1	[]	-1	-1	7009	0
7011	7	双魚	137 	"[573,-30]"	[203]	2	41 	[203]	3	33	[203]	4	33	[]	-1	-1	7010	0
7012	7	朱雀	147 	"[623,170]"	"[202,200,201]"	4	33 	[]	-1	-1	[]	-1	-1	[]	-1	-1	7011	0
7013	7	玄武	158 	"[683,10]"	"[202,200,201]"	2	41 	[]	-1	-1	[]	-1	-1	[]	-1	-1	7012	0
7014	7	青龙	168 	"[748,140]"	"[203,202]"	4	33 	[]	-1	-1	[]	-1	-1	[]	-1	-1	7013	0
7015	7	白虎	179 	"[830,15]"	"[203,202,200,201]"	5	132 	[]	-1	-1	[]	-1	-1	[]	-1	-1	7014	507
8000	8	昇格詳細	0 	[]	"[203,202,200,201]"	5	198 	[]	-1	-1	[]	-1	-1	[]	-1	-1	7015	0
8001	8	天馬	36 	"[-30,30]"	"[202,200,201]"	3	36 	[]	-1	-1	[]	-1	-1	[]	-1	-1	8000	0
8002	8	天竜	48 	"[18,110]"	"[202,201]"	1	45 	[]	-1	-1	[]	-1	-1	[]	-1	-1	8001	0
8003	8	白鳥	60 	"[73,-10]"	"[203,200]"	2	45 	[]	-1	-1	[]	-1	-1	[]	-1	-1	8002	0
8004	8	仙女	72 	"[138,150]"	"[203,200]"	1	45 	[]	-1	-1	[]	-1	-1	[]	-1	-1	8003	0
8005	8	鳳凰	84 	"[188,-10]"	"[202,201]"	3	36 	[]	-1	-1	[]	-1	-1	[]	-1	-1	8004	0
8006	8	白羊	96 	"[235,75]"	"[203,200]"	1	45 	[]	-1	-1	[]	-1	-1	[]	-1	-1	8005	0
8007	8	磨羯	108 	"[320,-10]"	"[200,201]"	4	36 	[]	-1	-1	[]	-1	-1	[]	-1	-1	8006	0
8008	8	天蝎	120 	"[330,90]"	"[202,201]"	2	45 	[]	-1	-1	[]	-1	-1	[]	-1	-1	8007	0
8009	8	金牛	132 	"[440,70]"	"[203,200]"	3	36 	[]	-1	-1	[]	-1	-1	[]	-1	-1	8008	0
8010	8	獅子	144 	"[510,-10]"	"[202,201]"	1	45 	[]	-1	-1	[]	-1	-1	[]	-1	-1	8009	0
8011	8	双魚	156 	"[540,100]"	[203]	2	45 	[203]	3	36	[203]	4	36	[]	-1	-1	8010	0
8012	8	朱雀	168 	"[690,150]"	"[202,200,201]"	4	36 	[]	-1	-1	[]	-1	-1	[]	-1	-1	8011	0
8013	8	玄武	180 	"[660,25]"	"[202,200,201]"	2	45 	[]	-1	-1	[]	-1	-1	[]	-1	-1	8012	0
8014	8	青龙	192 	"[760,-10]"	"[203,202]"	4	36 	[]	-1	-1	[]	-1	-1	[]	-1	-1	8013	0
8015	8	白虎	204 	"[830,150]"	"[203,202,200,201]"	5	144 	[]	-1	-1	[]	-1	-1	[]	-1	-1	8014	508
9000	9	昇格詳細	0 	[]	"[203,202,200,201]"	5	216 	[]	-1	-1	[]	-1	-1	[]	-1	-1	8015	0
9001	9	天馬	42 	"[-30,125]"	"[202,200,201]"	3	39 	[]	-1	-1	[]	-1	-1	[]	-1	-1	9000	0
9002	9	天竜	56 	"[13,10]"	"[202,201]"	1	49 	[]	-1	-1	[]	-1	-1	[]	-1	-1	9001	0
9003	9	白鳥	70 	"[108,40]"	"[203,200]"	2	49 	[]	-1	-1	[]	-1	-1	[]	-1	-1	9002	0
9004	9	仙女	84 	"[88,175]"	"[203,200]"	1	49 	[]	-1	-1	[]	-1	-1	[]	-1	-1	9003	0
9005	9	鳳凰	98 	"[208,120]"	"[202,201]"	3	39 	[]	-1	-1	[]	-1	-1	[]	-1	-1	9004	0
9006	9	白羊	112 	"[258,10]"	"[203,200]"	1	49 	[]	-1	-1	[]	-1	-1	[]	-1	-1	9005	0
9007	9	磨羯	126 	"[348,100]"	"[200,201]"	4	39 	[]	-1	-1	[]	-1	-1	[]	-1	-1	9006	0
9008	9	天蝎	140 	"[448,120]"	"[202,201]"	2	49 	[]	-1	-1	[]	-1	-1	[]	-1	-1	9007	0
9009	9	金牛	154 	"[440,-10]"	"[203,200]"	3	39 	[]	-1	-1	[]	-1	-1	[]	-1	-1	9008	0
9010	9	獅子	168 	"[543,90]"	"[202,201]"	1	49 	[]	-1	-1	[]	-1	-1	[]	-1	-1	9009	0
9011	9	双魚	182 	"[573,-30]"	[203]	2	49 	[203]	3	39	[203]	4	39	[]	-1	-1	9010	0
9012	9	朱雀	196 	"[623,170]"	"[202,200,201]"	4	39 	[]	-1	-1	[]	-1	-1	[]	-1	-1	9011	0
9013	9	玄武	210 	"[683,10]"	"[202,200,201]"	2	49 	[]	-1	-1	[]	-1	-1	[]	-1	-1	9012	0
9014	9	青龙	224 	"[748,140]"	"[203,202]"	4	39 	[]	-1	-1	[]	-1	-1	[]	-1	-1	9013	0
9015	9	白虎	238 	"[830,15]"	"[203,202,200,201]"	5	156 	[]	-1	-1	[]	-1	-1	[]	-1	-1	9014	509
10000	10	昇格詳細	0 	[]	"[203,202,200,201]"	5	234 	[]	-1	-1	[]	-1	-1	[]	-1	-1	9015	0
10001	10	天馬	48 	"[-30,30]"	"[202,200,201]"	3	42 	[]	-1	-1	[]	-1	-1	[]	-1	-1	10000	0
10002	10	天竜	64 	"[18,110]"	"[202,201]"	1	53 	[]	-1	-1	[]	-1	-1	[]	-1	-1	10001	0
10003	10	白鳥	80 	"[73,-10]"	"[203,200]"	2	53 	[]	-1	-1	[]	-1	-1	[]	-1	-1	10002	0
10004	10	仙女	96 	"[138,150]"	"[203,200]"	1	53 	[]	-1	-1	[]	-1	-1	[]	-1	-1	10003	0
10005	10	鳳凰	112 	"[188,-10]"	"[202,201]"	3	42 	[]	-1	-1	[]	-1	-1	[]	-1	-1	10004	0
10006	10	白羊	128 	"[235,75]"	"[203,200]"	1	53 	[]	-1	-1	[]	-1	-1	[]	-1	-1	10005	0
10007	10	磨羯	144 	"[320,-10]"	"[200,201]"	4	42 	[]	-1	-1	[]	-1	-1	[]	-1	-1	10006	0
10008	10	天蝎	160 	"[330,90]"	"[202,201]"	2	53 	[]	-1	-1	[]	-1	-1	[]	-1	-1	10007	0
10009	10	金牛	176 	"[440,70]"	"[203,200]"	3	42 	[]	-1	-1	[]	-1	-1	[]	-1	-1	10008	0
10010	10	獅子	192 	"[510,-10]"	"[202,201]"	1	53 	[]	-1	-1	[]	-1	-1	[]	-1	-1	10009	0
10011	10	双魚	208 	"[540,100]"	[203]	2	53 	[203]	3	42	[203]	4	42	[]	-1	-1	10010	0
10012	10	朱雀	224 	"[690,150]"	"[202,200,201]"	4	42 	[]	-1	-1	[]	-1	-1	[]	-1	-1	10011	0
10013	10	玄武	240 	"[660,25]"	"[202,200,201]"	2	53 	[]	-1	-1	[]	-1	-1	[]	-1	-1	10012	0
10014	10	青龙	256 	"[760,-10]"	"[203,202]"	4	42 	[]	-1	-1	[]	-1	-1	[]	-1	-1	10013	0
10015	10	白虎	272 	"[830,150]"	"[203,202,200,201]"	5	168 	[]	-1	-1	[]	-1	-1	[]	-1	-1	10014	510
11000	11	昇格詳細	0 	[]	"[203,202,200,201]"	5	252 	[]	-1	-1	[]	-1	-1	[]	-1	-1	10015	0
11001	11	天馬	54 	"[-30,125]"	"[202,200,201]"	3	45 	[]	-1	-1	[]	-1	-1	[]	-1	-1	11000	0
11002	11	天竜	72 	"[13,10]"	"[202,201]"	1	56 	[]	-1	-1	[]	-1	-1	[]	-1	-1	11001	0
11003	11	白鳥	90 	"[108,40]"	"[203,200]"	2	56 	[]	-1	-1	[]	-1	-1	[]	-1	-1	11002	0
11004	11	仙女	108 	"[88,175]"	"[203,200]"	1	56 	[]	-1	-1	[]	-1	-1	[]	-1	-1	11003	0
11005	11	鳳凰	126 	"[208,120]"	"[202,201]"	3	45 	[]	-1	-1	[]	-1	-1	[]	-1	-1	11004	0
11006	11	白羊	144 	"[258,10]"	"[203,200]"	1	56 	[]	-1	-1	[]	-1	-1	[]	-1	-1	11005	0
11007	11	磨羯	162 	"[348,100]"	"[200,201]"	4	45 	[]	-1	-1	[]	-1	-1	[]	-1	-1	11006	0
11008	11	天蝎	180 	"[448,120]"	"[202,201]"	2	56 	[]	-1	-1	[]	-1	-1	[]	-1	-1	11007	0
11009	11	金牛	198 	"[440,-10]"	"[203,200]"	3	45 	[]	-1	-1	[]	-1	-1	[]	-1	-1	11008	0
11010	11	獅子	216 	"[543,90]"	"[202,201]"	1	56 	[]	-1	-1	[]	-1	-1	[]	-1	-1	11009	0
11011	11	双魚	234 	"[573,-30]"	[203]	2	56 	[203]	3	45	[203]	4	45	[]	-1	-1	11010	0
11012	11	朱雀	252 	"[623,170]"	"[202,200,201]"	4	45 	[]	-1	-1	[]	-1	-1	[]	-1	-1	11011	0
11013	11	玄武	270 	"[683,10]"	"[202,200,201]"	2	56 	[]	-1	-1	[]	-1	-1	[]	-1	-1	11012	0
11014	11	青龙	288 	"[748,140]"	"[203,202]"	4	45 	[]	-1	-1	[]	-1	-1	[]	-1	-1	11013	0
11015	11	白虎	306 	"[830,15]"	"[203,202,200,201]"	5	180 	[]	-1	-1	[]	-1	-1	[]	-1	-1	11014	511
12000	12	昇格詳細	0 	[]	"[203,202,200,201]"	5	270 	[]	-1	-1	[]	-1	-1	[]	-1	-1	11015	0
12001	12	天馬	60 	"[-30,30]"	"[202,200,201]"	3	48 	[]	-1	-1	[]	-1	-1	[]	-1	-1	12000	0
12002	12	天竜	80 	"[18,110]"	"[202,201]"	1	60 	[]	-1	-1	[]	-1	-1	[]	-1	-1	12001	0
12003	12	白鳥	100 	"[73,-10]"	"[203,200]"	2	60 	[]	-1	-1	[]	-1	-1	[]	-1	-1	12002	0
12004	12	仙女	120 	"[138,150]"	"[203,200]"	1	60 	[]	-1	-1	[]	-1	-1	[]	-1	-1	12003	0
12005	12	鳳凰	140 	"[188,-10]"	"[202,201]"	3	48 	[]	-1	-1	[]	-1	-1	[]	-1	-1	12004	0
12006	12	白羊	160 	"[235,75]"	"[203,200]"	1	60 	[]	-1	-1	[]	-1	-1	[]	-1	-1	12005	0
12007	12	磨羯	180 	"[320,-10]"	"[200,201]"	4	48 	[]	-1	-1	[]	-1	-1	[]	-1	-1	12006	0
12008	12	天蝎	200 	"[330,90]"	"[202,201]"	2	60 	[]	-1	-1	[]	-1	-1	[]	-1	-1	12007	0
12009	12	金牛	220 	"[440,70]"	"[203,200]"	3	48 	[]	-1	-1	[]	-1	-1	[]	-1	-1	12008	0
12010	12	獅子	240 	"[510,-10]"	"[202,201]"	1	60 	[]	-1	-1	[]	-1	-1	[]	-1	-1	12009	0
12011	12	双魚	260 	"[540,100]"	[203]	2	60 	[203]	3	48	[203]	4	48	[]	-1	-1	12010	0
12012	12	朱雀	280 	"[690,150]"	"[202,200,201]"	4	48 	[]	-1	-1	[]	-1	-1	[]	-1	-1	12011	0
12013	12	玄武	300 	"[660,25]"	"[202,200,201]"	2	60 	[]	-1	-1	[]	-1	-1	[]	-1	-1	12012	0
12014	12	青龙	320 	"[760,-10]"	"[203,202]"	4	48 	[]	-1	-1	[]	-1	-1	[]	-1	-1	12013	0
12015	12	白虎	340 	"[830,150]"	"[203,202,200,201]"	5	192 	[]	-1	-1	[]	-1	-1	[]	-1	-1	12014	512
13000	13	昇格詳細	0 	[]	"[203,202,200,201]"	5	288 	[]	-1	-1	[]	-1	-1	[]	-1	-1	12015	0
13001	13	天馬	68 	"[-30,125]"	"[202,200,201]"	3	51 	[]	-1	-1	[]	-1	-1	[]	-1	-1	13000	0
13002	13	天竜	90 	"[13,10]"	"[202,201]"	1	64 	[]	-1	-1	[]	-1	-1	[]	-1	-1	13001	0
13003	13	白鳥	113 	"[108,40]"	"[203,200]"	2	64 	[]	-1	-1	[]	-1	-1	[]	-1	-1	13002	0
13004	13	仙女	135 	"[88,175]"	"[203,200]"	1	64 	[]	-1	-1	[]	-1	-1	[]	-1	-1	13003	0
13005	13	鳳凰	158 	"[208,120]"	"[202,201]"	3	51 	[]	-1	-1	[]	-1	-1	[]	-1	-1	13004	0
13006	13	白羊	180 	"[258,10]"	"[203,200]"	1	64 	[]	-1	-1	[]	-1	-1	[]	-1	-1	13005	0
13007	13	磨羯	203 	"[348,100]"	"[200,201]"	4	51 	[]	-1	-1	[]	-1	-1	[]	-1	-1	13006	0
13008	13	天蝎	225 	"[448,120]"	"[202,201]"	2	64 	[]	-1	-1	[]	-1	-1	[]	-1	-1	13007	0
13009	13	金牛	248 	"[440,-10]"	"[203,200]"	3	51 	[]	-1	-1	[]	-1	-1	[]	-1	-1	13008	0
13010	13	獅子	270 	"[543,90]"	"[202,201]"	1	64 	[]	-1	-1	[]	-1	-1	[]	-1	-1	13009	0
13011	13	双魚	293 	"[573,-30]"	[203]	2	64 	[203]	3	51	[203]	4	51	[]	-1	-1	13010	0
13012	13	朱雀	315 	"[623,170]"	"[202,200,201]"	4	51 	[]	-1	-1	[]	-1	-1	[]	-1	-1	13011	0
13013	13	玄武	338 	"[683,10]"	"[202,200,201]"	2	64 	[]	-1	-1	[]	-1	-1	[]	-1	-1	13012	0
13014	13	青龙	360 	"[748,140]"	"[203,202]"	4	51 	[]	-1	-1	[]	-1	-1	[]	-1	-1	13013	0
13015	13	白虎	383 	"[830,15]"	"[203,202,200,201]"	5	204 	[]	-1	-1	[]	-1	-1	[]	-1	-1	13014	513
14000	14	昇格詳細	0 	[]	"[203,202,200,201]"	5	306 	[]	-1	-1	[]	-1	-1	[]	-1	-1	13015	0
14001	14	天馬	75 	"[-30,30]"	"[202,200,201]"	3	54 	[]	-1	-1	[]	-1	-1	[]	-1	-1	14000	0
14002	14	天竜	100 	"[18,110]"	"[202,201]"	1	68 	[]	-1	-1	[]	-1	-1	[]	-1	-1	14001	0
14003	14	白鳥	125 	"[73,-10]"	"[203,200]"	2	68 	[]	-1	-1	[]	-1	-1	[]	-1	-1	14002	0
14004	14	仙女	150 	"[138,150]"	"[203,200]"	1	68 	[]	-1	-1	[]	-1	-1	[]	-1	-1	14003	0
14005	14	鳳凰	175 	"[188,-10]"	"[202,201]"	3	54 	[]	-1	-1	[]	-1	-1	[]	-1	-1	14004	0
14006	14	白羊	200 	"[235,75]"	"[203,200]"	1	68 	[]	-1	-1	[]	-1	-1	[]	-1	-1	14005	0
14007	14	磨羯	225 	"[320,-10]"	"[200,201]"	4	54 	[]	-1	-1	[]	-1	-1	[]	-1	-1	14006	0
14008	14	天蝎	250 	"[330,90]"	"[202,201]"	2	68 	[]	-1	-1	[]	-1	-1	[]	-1	-1	14007	0
14009	14	金牛	275 	"[440,70]"	"[203,200]"	3	54 	[]	-1	-1	[]	-1	-1	[]	-1	-1	14008	0
14010	14	獅子	300 	"[510,-10]"	"[202,201]"	1	68 	[]	-1	-1	[]	-1	-1	[]	-1	-1	14009	0
14011	14	双魚	325 	"[540,100]"	[203]	2	68 	[203]	3	54	[203]	4	54	[]	-1	-1	14010	0
14012	14	朱雀	350 	"[690,150]"	"[202,200,201]"	4	54 	[]	-1	-1	[]	-1	-1	[]	-1	-1	14011	0
14013	14	玄武	375 	"[660,25]"	"[202,200,201]"	2	68 	[]	-1	-1	[]	-1	-1	[]	-1	-1	14012	0
14014	14	青龙	400 	"[760,-10]"	"[203,202]"	4	54 	[]	-1	-1	[]	-1	-1	[]	-1	-1	14013	0
14015	14	白虎	425 	"[830,150]"	"[203,202,200,201]"	5	216 	[]	-1	-1	[]	-1	-1	[]	-1	-1	14014	514
15000	15	昇格詳細	0 	[]	"[203,202,200,201]"	5	324 	[]	-1	-1	[]	-1	-1	[]	-1	-1	14015	0
15001	15	天馬	83 	"[-30,125]"	"[202,200,201]"	3	57 	[]	-1	-1	[]	-1	-1	[]	-1	-1	15000	0
15002	15	天竜	110 	"[13,10]"	"[202,201]"	1	71 	[]	-1	-1	[]	-1	-1	[]	-1	-1	15001	0
15003	15	白鳥	138 	"[108,40]"	"[203,200]"	2	71 	[]	-1	-1	[]	-1	-1	[]	-1	-1	15002	0
15004	15	仙女	165 	"[88,175]"	"[203,200]"	1	71 	[]	-1	-1	[]	-1	-1	[]	-1	-1	15003	0
15005	15	鳳凰	193 	"[208,120]"	"[202,201]"	3	57 	[]	-1	-1	[]	-1	-1	[]	-1	-1	15004	0
15006	15	白羊	220 	"[258,10]"	"[203,200]"	1	71 	[]	-1	-1	[]	-1	-1	[]	-1	-1	15005	0
15007	15	磨羯	248 	"[348,100]"	"[200,201]"	4	57 	[]	-1	-1	[]	-1	-1	[]	-1	-1	15006	0
15008	15	天蝎	275 	"[448,120]"	"[202,201]"	2	71 	[]	-1	-1	[]	-1	-1	[]	-1	-1	15007	0
15009	15	金牛	303 	"[440,-10]"	"[203,200]"	3	57 	[]	-1	-1	[]	-1	-1	[]	-1	-1	15008	0
15010	15	獅子	330 	"[543,90]"	"[202,201]"	1	71 	[]	-1	-1	[]	-1	-1	[]	-1	-1	15009	0
15011	15	双魚	358 	"[573,-30]"	[203]	2	71 	[203]	3	57	[203]	4	57	[]	-1	-1	15010	0
15012	15	朱雀	385 	"[623,170]"	"[202,200,201]"	4	57 	[]	-1	-1	[]	-1	-1	[]	-1	-1	15011	0
15013	15	玄武	413 	"[683,10]"	"[202,200,201]"	2	71 	[]	-1	-1	[]	-1	-1	[]	-1	-1	15012	0
15014	15	青龙	440 	"[748,140]"	"[203,202]"	4	57 	[]	-1	-1	[]	-1	-1	[]	-1	-1	15013	0
15015	15	白虎	468 	"[830,15]"	"[203,202,200,201]"	5	228 	[]	-1	-1	[]	-1	-1	[]	-1	-1	15014	515
16000	16	昇格詳細	0 	[]	"[203,202,200,201]"	5	342 	[]	-1	-1	[]	-1	-1	[]	-1	-1	15015	0
16001	16	天馬	90 	"[-30,30]"	"[202,200,201]"	3	60 	[]	-1	-1	[]	-1	-1	[]	-1	-1	16000	0
16002	16	天竜	120 	"[18,110]"	"[202,201]"	1	75 	[]	-1	-1	[]	-1	-1	[]	-1	-1	16001	0
16003	16	白鳥	150 	"[73,-10]"	"[203,200]"	2	75 	[]	-1	-1	[]	-1	-1	[]	-1	-1	16002	0
16004	16	仙女	180 	"[138,150]"	"[203,200]"	1	75 	[]	-1	-1	[]	-1	-1	[]	-1	-1	16003	0
16005	16	鳳凰	210 	"[188,-10]"	"[202,201]"	3	60 	[]	-1	-1	[]	-1	-1	[]	-1	-1	16004	0
16006	16	白羊	240 	"[235,75]"	"[203,200]"	1	75 	[]	-1	-1	[]	-1	-1	[]	-1	-1	16005	0
16007	16	磨羯	270 	"[320,-10]"	"[200,201]"	4	60 	[]	-1	-1	[]	-1	-1	[]	-1	-1	16006	0
16008	16	天蝎	300 	"[330,90]"	"[202,201]"	2	75 	[]	-1	-1	[]	-1	-1	[]	-1	-1	16007	0
16009	16	金牛	330 	"[440,70]"	"[203,200]"	3	60 	[]	-1	-1	[]	-1	-1	[]	-1	-1	16008	0
16010	16	獅子	360 	"[510,-10]"	"[202,201]"	1	75 	[]	-1	-1	[]	-1	-1	[]	-1	-1	16009	0
16011	16	双魚	390 	"[540,100]"	[203]	2	75 	[203]	3	60	[203]	4	60	[]	-1	-1	16010	0
16012	16	朱雀	420 	"[690,150]"	"[202,200,201]"	4	60 	[]	-1	-1	[]	-1	-1	[]	-1	-1	16011	0
16013	16	玄武	450 	"[660,25]"	"[202,200,201]"	2	75 	[]	-1	-1	[]	-1	-1	[]	-1	-1	16012	0
16014	16	青龙	480 	"[760,-10]"	"[203,202]"	4	60 	[]	-1	-1	[]	-1	-1	[]	-1	-1	16013	0
16015	16	白虎	510 	"[830,150]"	"[203,202,200,201]"	5	240 	[]	-1	-1	[]	-1	-1	[]	-1	-1	16014	516
17000	17	昇格詳細	0 	[]	"[203,202,200,201]"	5	360 	[]	-1	-1	[]	-1	-1	[]	-1	-1	16015	0
17001	17	天馬	116	"[-30,125]"	"[202,200,201]"	3	63	[]	-1	-1	[]	-1	-1	[]	-1	-1	17000	0
17002	17	天竜	155	"[13,10]"	"[202,201]"	1	78	[]	-1	-1	[]	-1	-1	[]	-1	-1	17001	0
17003	17	白鳥	193	"[108,40]"	"[203,200]"	2	78	[]	-1	-1	[]	-1	-1	[]	-1	-1	17002	0
17004	17	仙女	232	"[88,175]"	"[203,200]"	1	78	[]	-1	-1	[]	-1	-1	[]	-1	-1	17003	0
17005	17	鳳凰	271	"[208,120]"	"[202,201]"	3	63	[]	-1	-1	[]	-1	-1	[]	-1	-1	17004	0
17006	17	白羊	310	"[258,10]"	"[203,200]"	1	78	[]	-1	-1	[]	-1	-1	[]	-1	-1	17005	0
17007	17	磨羯	348	"[348,100]"	"[200,201]"	4	63	[]	-1	-1	[]	-1	-1	[]	-1	-1	17006	0
17008	17	天蝎	387	"[448,120]"	"[202,201]"	2	78	[]	-1	-1	[]	-1	-1	[]	-1	-1	17007	0
17009	17	金牛	426	"[440,-10]"	"[203,200]"	3	63	[]	-1	-1	[]	-1	-1	[]	-1	-1	17008	0
17010	17	獅子	465	"[543,90]"	"[202,201]"	1	78	[]	-1	-1	[]	-1	-1	[]	-1	-1	17009	0
17011	17	双魚	503	"[573,-30]"	[203]	2	78	[203]	3	63	[203]	4	63	[]	-1	-1	17010	0
17012	17	朱雀	542	"[623,170]"	"[202,200,201]"	4	63	[]	-1	-1	[]	-1	-1	[]	-1	-1	17011	0
17013	17	玄武	581	"[683,10]"	"[202,200,201]"	2	78	[]	-1	-1	[]	-1	-1	[]	-1	-1	17012	0
17014	17	青龙	620	"[748,140]"	"[203,202]"	4	63	[]	-1	-1	[]	-1	-1	[]	-1	-1	17013	0
17015	17	白虎	658	"[830,15]"	"[203,202,200,201]"	5	252	[]	-1	-1	[]	-1	-1	[]	-1	-1	17014	516
18000	18	昇格詳細	0	[]	"[203,202,200,201]"	5	378	[]	-1	-1	[]	-1	-1	[]	-1	-1	17015	0
18001	18	天馬	168	"[-30,30]"	"[202,200,201]"	3	66	[]	-1	-1	[]	-1	-1	[]	-1	-1	18000	0
18002	18	天竜	225	"[18,110]"	"[202,201]"	1	82	[]	-1	-1	[]	-1	-1	[]	-1	-1	18001	0
18003	18	白鳥	281	"[73,-10]"	"[203,200]"	2	82	[]	-1	-1	[]	-1	-1	[]	-1	-1	18002	0
18004	18	仙女	337	"[138,150]"	"[203,200]"	1	82	[]	-1	-1	[]	-1	-1	[]	-1	-1	18003	0
18005	18	鳳凰	393	"[188,-10]"	"[202,201]"	3	66	[]	-1	-1	[]	-1	-1	[]	-1	-1	18004	0
18006	18	白羊	450	"[235,75]"	"[203,200]"	1	82	[]	-1	-1	[]	-1	-1	[]	-1	-1	18005	0
18007	18	磨羯	506	"[320,-30]"	"[200,201]"	4	66	[]	-1	-1	[]	-1	-1	[]	-1	-1	18006	0
18008	18	天蝎	562	"[330,90]"	"[202,201]"	2	82	[]	-1	-1	[]	-1	-1	[]	-1	-1	18007	0
18009	18	金牛	618	"[440,70]"	"[203,200]"	3	66	[]	-1	-1	[]	-1	-1	[]	-1	-1	18008	0
18010	18	獅子	675	"[510,-10]"	"[202,201]"	1	82	[]	-1	-1	[]	-1	-1	[]	-1	-1	18009	0
18011	18	双魚	731	"[540,100]"	[203]	2	82	[203]	3	66	[203]	4	66	[]	-1	-1	18010	0
18012	18	朱雀	787	"[690,150]"	"[202,200,201]"	4	66	[]	-1	-1	[]	-1	-1	[]	-1	-1	18011	0
18013	18	玄武	843	"[660,25]"	"[202,200,201]"	2	82	[]	-1	-1	[]	-1	-1	[]	-1	-1	18012	0
18014	18	青龙	900	"[760,-10]"	"[203,202]"	4	66	[]	-1	-1	[]	-1	-1	[]	-1	-1	18013	0
18015	18	白虎	956	"[830,150]"	"[203,202,200,201]"	5	264	[]	-1	-1	[]	-1	-1	[]	-1	-1	18014	516
19000	19	昇格詳細	0	[]	"[203,202,200,201]"	5	396	[]	-1	-1	[]	-1	-1	[]	-1	-1	18015	0
19001	19	天馬	221	"[-30,125]"	"[202,200,201]"	3	69	[]	-1	-1	[]	-1	-1	[]	-1	-1	19000	0
19002	19	天竜	295	"[13,10]"	"[202,201]"	1	86	[]	-1	-1	[]	-1	-1	[]	-1	-1	19001	0
19003	19	白鳥	368	"[108,40]"	"[203,200]"	2	86	[]	-1	-1	[]	-1	-1	[]	-1	-1	19002	0
19004	19	仙女	442	"[88,175]"	"[203,200]"	1	86	[]	-1	-1	[]	-1	-1	[]	-1	-1	19003	0
19005	19	鳳凰	516	"[208,120]"	"[202,201]"	3	69	[]	-1	-1	[]	-1	-1	[]	-1	-1	19004	0
19006	19	白羊	590	"[258,10]"	"[203,200]"	1	86	[]	-1	-1	[]	-1	-1	[]	-1	-1	19005	0
19007	19	磨羯	663	"[348,100]"	"[200,201]"	4	69	[]	-1	-1	[]	-1	-1	[]	-1	-1	19006	0
19008	19	天蝎	737	"[448,120]"	"[202,201]"	2	86	[]	-1	-1	[]	-1	-1	[]	-1	-1	19007	0
19009	19	金牛	811	"[440,-10]"	"[203,200]"	3	69	[]	-1	-1	[]	-1	-1	[]	-1	-1	19008	0
19010	19	獅子	885	"[543,90]"	"[202,201]"	1	86	[]	-1	-1	[]	-1	-1	[]	-1	-1	19009	0
19011	19	双魚	958	"[573,-30]"	[203]	2	86	[203]	3	69	[203]	4	69	[]	-1	-1	19010	0
19012	19	朱雀	1032	"[623,170]"	"[202,200,201]"	4	69	[]	-1	-1	[]	-1	-1	[]	-1	-1	19011	0
19013	19	玄武	1106	"[683,10]"	"[202,200,201]"	2	86	[]	-1	-1	[]	-1	-1	[]	-1	-1	19012	0
19014	19	青龙	1180	"[748,140]"	"[203,202]"	4	69	[]	-1	-1	[]	-1	-1	[]	-1	-1	19013	0
19015	19	白虎	1253	"[830,15]"	"[203,202,200,201]"	5	276	[]	-1	-1	[]	-1	-1	[]	-1	-1	19014	516
20000	20	昇格詳細	0	[]	"[203,202,200,201]"	5	414	[]	-1	-1	[]	-1	-1	[]	-1	-1	19015	0
20001	20	天馬	273	"[-30,30]"	"[202,200,201]"	3	72	[]	-1	-1	[]	-1	-1	[]	-1	-1	20000	0
20002	20	天竜	365	"[18,110]"	"[202,201]"	1	90	[]	-1	-1	[]	-1	-1	[]	-1	-1	20001	0
20003	20	白鳥	456	"[73,-10]"	"[203,200]"	2	90	[]	-1	-1	[]	-1	-1	[]	-1	-1	20002	0
20004	20	仙女	547	"[138,150]"	"[203,200]"	1	90	[]	-1	-1	[]	-1	-1	[]	-1	-1	20003	0
20005	20	鳳凰	638	"[188,-10]"	"[202,201]"	3	72	[]	-1	-1	[]	-1	-1	[]	-1	-1	20004	0
20006	20	白羊	730	"[235,75]"	"[203,200]"	1	90	[]	-1	-1	[]	-1	-1	[]	-1	-1	20005	0
20007	20	磨羯	821	"[320,-30]"	"[200,201]"	4	72	[]	-1	-1	[]	-1	-1	[]	-1	-1	20006	0
20008	20	天蝎	912	"[330,90]"	"[202,201]"	2	90	[]	-1	-1	[]	-1	-1	[]	-1	-1	20007	0
20009	20	金牛	1003	"[440,70]"	"[203,200]"	3	72	[]	-1	-1	[]	-1	-1	[]	-1	-1	20008	0
20010	20	獅子	1095	"[510,-10]"	"[202,201]"	1	90	[]	-1	-1	[]	-1	-1	[]	-1	-1	20009	0
20011	20	双魚	1186	"[540,100]"	[203]	2	90	[203]	3	72	[203]	4	72	[]	-1	-1	20010	0
20012	20	朱雀	1277	"[690,150]"	"[202,200,201]"	4	72	[]	-1	-1	[]	-1	-1	[]	-1	-1	20011	0
20013	20	玄武	1368	"[660,25]"	"[202,200,201]"	2	90	[]	-1	-1	[]	-1	-1	[]	-1	-1	20012	0
20014	20	青龙	1460	"[760,-10]"	"[203,202]"	4	72	[]	-1	-1	[]	-1	-1	[]	-1	-1	20013	0
20015	20	白虎	1551	"[830,150]"	"[203,202,200,201]"	5	288	[]	-1	-1	[]	-1	-1	[]	-1	-1	20014	516
21000	21	昇格詳細	0	[]	"[203,202,200,201]"	5	432	[]	-1	-1	[]	-1	-1	[]	-1	-1	20015	0
21001	21	天馬	326	"[-30,125]"	"[202,200,201]"	3	75	[]	-1	-1	[]	-1	-1	[]	-1	-1	21000	0
21002	21	天竜	435	"[13,10]"	"[202,201]"	1	93	[]	-1	-1	[]	-1	-1	[]	-1	-1	21001	0
21003	21	白鳥	543	"[108,40]"	"[203,200]"	2	93	[]	-1	-1	[]	-1	-1	[]	-1	-1	21002	0
21004	21	仙女	652	"[88,175]"	"[203,200]"	1	93	[]	-1	-1	[]	-1	-1	[]	-1	-1	21003	0
21005	21	鳳凰	761	"[208,120]"	"[202,201]"	3	75	[]	-1	-1	[]	-1	-1	[]	-1	-1	21004	0
21006	21	白羊	870	"[258,10]"	"[203,200]"	1	93	[]	-1	-1	[]	-1	-1	[]	-1	-1	21005	0
21007	21	磨羯	978	"[348,100]"	"[200,201]"	4	75	[]	-1	-1	[]	-1	-1	[]	-1	-1	21006	0
21008	21	天蝎	1087	"[448,120]"	"[202,201]"	2	93	[]	-1	-1	[]	-1	-1	[]	-1	-1	21007	0
21009	21	金牛	1196	"[440,-10]"	"[203,200]"	3	75	[]	-1	-1	[]	-1	-1	[]	-1	-1	21008	0
21010	21	獅子	1305	"[543,90]"	"[202,201]"	1	93	[]	-1	-1	[]	-1	-1	[]	-1	-1	21009	0
21011	21	双魚	1413	"[573,-30]"	[203]	2	93	[203]	3	75	[203]	4	75	[]	-1	-1	21010	0
21012	21	朱雀	1522	"[623,170]"	"[202,200,201]"	4	75	[]	-1	-1	[]	-1	-1	[]	-1	-1	21011	0
21013	21	玄武	1631	"[683,10]"	"[202,200,201]"	2	93	[]	-1	-1	[]	-1	-1	[]	-1	-1	21012	0
21014	21	青龙	1740	"[748,140]"	"[203,202]"	4	75	[]	-1	-1	[]	-1	-1	[]	-1	-1	21013	0
21015	21	白虎	1848	"[830,15]"	"[203,202,200,201]"	5	300	[]	-1	-1	[]	-1	-1	[]	-1	-1	21014	516
22000	22	昇格詳細	0	[]	"[203,202,200,201]"	5	450	[]	-1	-1	[]	-1	-1	[]	-1	-1	21015	0
22001	22	天馬	378	"[-30,30]"	"[202,200,201]"	3	78	[]	-1	-1	[]	-1	-1	[]	-1	-1	22000	0
22002	22	天竜	505	"[18,110]"	"[202,201]"	1	97	[]	-1	-1	[]	-1	-1	[]	-1	-1	22001	0
22003	22	白鳥	631	"[73,-10]"	"[203,200]"	2	97	[]	-1	-1	[]	-1	-1	[]	-1	-1	22002	0
22004	22	仙女	757	"[138,150]"	"[203,200]"	1	97	[]	-1	-1	[]	-1	-1	[]	-1	-1	22003	0
22005	22	鳳凰	883	"[188,-10]"	"[202,201]"	3	78	[]	-1	-1	[]	-1	-1	[]	-1	-1	22004	0
22006	22	白羊	1010	"[235,75]"	"[203,200]"	1	97	[]	-1	-1	[]	-1	-1	[]	-1	-1	22005	0
22007	22	磨羯	1136	"[320,-30]"	"[200,201]"	4	78	[]	-1	-1	[]	-1	-1	[]	-1	-1	22006	0
22008	22	天蝎	1262	"[330,90]"	"[202,201]"	2	97	[]	-1	-1	[]	-1	-1	[]	-1	-1	22007	0
22009	22	金牛	1388	"[440,70]"	"[203,200]"	3	78	[]	-1	-1	[]	-1	-1	[]	-1	-1	22008	0
22010	22	獅子	1515	"[510,-10]"	"[202,201]"	1	97	[]	-1	-1	[]	-1	-1	[]	-1	-1	22009	0
22011	22	双魚	1641	"[540,100]"	[203]	2	97	[203]	3	78	[203]	4	78	[]	-1	-1	22010	0
22012	22	朱雀	1767	"[690,150]"	"[202,200,201]"	4	78	[]	-1	-1	[]	-1	-1	[]	-1	-1	22011	0
22013	22	玄武	1893	"[660,25]"	"[202,200,201]"	2	97	[]	-1	-1	[]	-1	-1	[]	-1	-1	22012	0
22014	22	青龙	2020	"[760,-10]"	"[203,202]"	4	78	[]	-1	-1	[]	-1	-1	[]	-1	-1	22013	0
22015	22	白虎	2146	"[830,150]"	"[203,202,200,201]"	5	312	[]	-1	-1	[]	-1	-1	[]	-1	-1	22014	516
23000	22	昇格詳細	0	[]	"[203,202,200,201]"	5	468	[]	-1	-1	[]	-1	-1	[]	-1	-1	22015	0